Date,Open,High,Low,Close,Adj Close,Volume
2014-01-02,77.95999908447266,78.75,77.31999969482422,77.95999908447266,51.513614654541016,2070900
2014-01-03,78.12000274658203,79.55000305175781,77.80999755859375,79.19999694824219,52.332977294921875,1343300
2014-01-06,79.0,79.97000122070312,78.38999938964844,78.4000015258789,51.804344177246094,1961200
2014-01-07,78.55000305175781,79.08000183105469,77.29000091552734,77.81999969482422,51.42109680175781,1598100
2014-01-08,76.81999969482422,78.04000091552734,76.58999633789062,77.05999755859375,50.918922424316406,2578400
2014-01-09,77.33999633789062,77.80000305175781,76.91999816894531,77.0999984741211,50.945343017578125,1577700
2014-01-10,77.19999694824219,77.4800033569336,75.9000015258789,76.48999786376953,50.54228973388672,1727400
2014-01-13,76.38999938964844,76.41000366210938,73.8499984741211,74.0199966430664,48.910194396972656,2558300
2014-01-14,74.56999969482422,75.44999694824219,74.19000244140625,75.29000091552734,49.74936294555664,1706000
2014-01-15,75.37999725341797,76.69999694824219,75.22000122070312,75.76000213623047,50.059932708740234,3598300
2014-01-16,75.31999969482422,75.9000015258789,75.12000274658203,75.5,49.88811492919922,1246700
2014-01-17,75.26000213623047,75.81999969482422,75.05000305175781,75.48999786376953,49.88149642944336,1690400
2014-01-21,75.75,76.0999984741211,75.56999969482422,75.7300033569336,50.04011917114258,1223500
2014-01-22,75.75,76.37999725341797,75.68000030517578,75.8499984741211,50.11941146850586,1145900
2014-01-23,75.37000274658203,75.72000122070312,75.19000244140625,75.51000213623047,49.89474868774414,2061600
2014-01-24,75.01000213623047,75.30999755859375,74.19999694824219,74.41999816894531,49.17449188232422,2508600
2014-01-27,74.43000030517578,75.05000305175781,72.88999938964844,72.93000030517578,48.18994140625,3849800
2014-01-28,73.18000030517578,73.41000366210938,72.77999877929688,73.19999694824219,48.36833953857422,4170300
2014-01-29,72.70999908447266,73.41999816894531,72.11000061035156,72.33999633789062,47.80009460449219,2589600
2014-01-30,73.12999725341797,74.80000305175781,72.62999725341797,74.31999969482422,49.10841751098633,4651700
2014-01-31,73.5,75.3499984741211,73.2300033569336,74.76000213623047,49.39916229248047,4281100
2014-02-03,74.4800033569336,75.20999908447266,72.9800033569336,73.18000030517578,48.35511779785156,2735400
2014-02-04,70.69999694824219,74.19999694824219,70.5199966430664,73.61000061035156,48.63925552368164,2456900
2014-02-05,74.05000305175781,74.16000366210938,72.4000015258789,73.55999755859375,48.6062126159668,2180900
2014-02-06,73.9800033569336,76.13999938964844,73.54000091552734,75.9800033569336,50.20529556274414,1902300
2014-02-07,76.70999908447266,78.0,75.56999969482422,75.69000244140625,50.01367950439453,1852000
2014-02-10,75.6500015258789,76.31999969482422,75.02999877929688,75.55999755859375,49.92776107788086,1259400
2014-02-11,75.63999938964844,77.05000305175781,75.5,76.55000305175781,50.58194351196289,1258500
2014-02-12,76.58000183105469,77.16999816894531,76.37000274658203,76.80000305175781,50.74714660644531,735900
2014-02-13,76.43000030517578,77.16999816894531,76.02999877929688,76.98999786376953,50.87266540527344,884500
2014-02-14,76.76000213623047,77.5199966430664,76.69999694824219,77.11000061035156,50.95197677612305,910900
2014-02-18,77.13999938964844,77.41000366210938,76.12999725341797,76.22000122070312,50.363853454589844,1776300
2014-02-19,75.79000091552734,76.69000244140625,74.72000122070312,74.7699966430664,49.40575408935547,1943100
2014-02-20,74.68000030517578,75.05999755859375,73.54000091552734,73.76000213623047,48.738372802734375,1694400
2014-02-21,73.9000015258789,74.81999969482422,73.56999969482422,73.70999908447266,48.705326080322266,1789100
2014-02-24,73.91000366210938,74.94000244140625,73.69999694824219,74.31999969482422,49.10841751098633,2772200
2014-02-25,74.16999816894531,74.91000366210938,73.0999984741211,73.26000213623047,48.40800857543945,1421200
2014-02-26,73.30999755859375,73.56999969482422,71.86000061035156,72.58000183105469,47.95866394042969,2314000
2014-02-27,72.41000366210938,73.23999786376953,72.0999984741211,73.16000366210938,48.341922760009766,1942300
2014-02-28,73.19000244140625,73.97000122070312,72.91000366210938,73.81999969482422,48.778038024902344,1654500
2014-03-03,73.18000030517578,74.19000244140625,72.7699966430664,74.11000061035156,48.96965408325195,1796100
2014-03-04,75.16000366210938,76.2300033569336,75.0999984741211,76.0,50.218505859375,2027600
2014-03-05,75.7699966430664,76.97000122070312,75.70999908447266,76.41999816894531,50.49603271484375,2588000
2014-03-06,76.2300033569336,77.19000244140625,75.88999938964844,76.76000213623047,51.03456115722656,1849700
2014-03-07,76.83999633789062,77.54000091552734,76.62999725341797,76.97000122070312,51.174163818359375,1961900
2014-03-10,77.05000305175781,77.25,76.3499984741211,76.7300033569336,51.01462173461914,1066900
2014-03-11,76.6500015258789,77.19000244140625,75.66999816894531,75.91000366210938,50.46944046020508,1332700
2014-03-12,75.69000244140625,76.05000305175781,75.0,76.05000305175781,50.562522888183594,1299600
2014-03-13,76.31999969482422,76.31999969482422,74.7300033569336,74.77999877929688,49.71815872192383,2200800
2014-03-14,75.05999755859375,75.91000366210938,74.45999908447266,75.36000061035156,50.1037712097168,1506300
2014-03-17,75.83999633789062,76.47000122070312,75.83999633789062,76.26000213623047,50.7021369934082,987500
2014-03-18,76.12000274658203,76.36000061035156,75.13999938964844,75.91000366210938,50.46944046020508,1674800
2014-03-19,75.76000213623047,75.94000244140625,74.9000015258789,75.70999908447266,50.33646011352539,2445200
2014-03-20,75.52999877929688,77.06999969482422,75.36000061035156,76.91999816894531,51.140953063964844,2521300
2014-03-21,77.75,77.75,77.0,77.44999694824219,51.49333190917969,2997500
2014-03-24,77.66999816894531,77.66999816894531,76.80000305175781,77.04000091552734,51.22072219848633,1526600
2014-03-25,77.37000274658203,77.41000366210938,76.33000183105469,76.54000091552734,50.88831329345703,1640100
2014-03-26,76.87999725341797,76.87999725341797,74.97000122070312,75.0199966430664,49.87771224975586,1769600
2014-03-27,74.87000274658203,75.0,73.22000122070312,73.91999816894531,49.14638137817383,2019100
2014-03-28,74.18000030517578,74.86000061035156,73.58000183105469,73.83000183105469,49.08652877807617,931000
2014-03-31,73.88999938964844,74.73999786376953,73.75,74.0199966430664,49.21284866333008,1411600
2014-04-01,74.41999816894531,75.0,72.25,72.66000366210938,48.30865478515625,3638300
2014-04-02,72.7300033569336,73.37000274658203,71.75,72.2699966430664,48.049354553222656,3379400
2014-04-03,72.11000061035156,73.16000366210938,71.94000244140625,72.18000030517578,47.98952102661133,1843800
2014-04-04,73.0199966430664,73.12999725341797,70.54000091552734,70.5999984741211,46.93903732299805,2189800
2014-04-07,70.36000061035156,70.56999969482422,67.51000213623047,67.58999633789062,44.93780517578125,5082900
2014-04-08,67.80000305175781,69.33999633789062,67.01000213623047,69.12999725341797,45.961692810058594,5285400
2014-04-09,68.08999633789062,69.70999908447266,68.08999633789062,69.52999877929688,46.227630615234375,2855700
2014-04-10,69.30999755859375,70.26000213623047,68.0199966430664,68.37000274658203,45.45640182495117,2683400
2014-04-11,67.76000213623047,68.08999633789062,66.75,66.94999694824219,44.512306213378906,2073800
2014-04-14,67.22000122070312,67.9000015258789,66.62000274658203,67.25,44.711761474609375,1426800
2014-04-15,67.58000183105469,67.94000244140625,66.44000244140625,67.79000091552734,45.07078170776367,1293000
2014-04-16,68.20999908447266,68.83000183105469,67.66999816894531,68.7300033569336,45.69575500488281,1191100
2014-04-17,68.7300033569336,69.61000061035156,68.63999938964844,69.30000305175781,46.0747184753418,1031100
2014-04-21,69.25,69.61000061035156,68.80999755859375,69.43000030517578,46.161163330078125,779400
2014-04-22,69.41000366210938,71.25,69.0999984741211,71.13999938964844,47.29806137084961,1610900
2014-04-23,70.95999908447266,71.63999938964844,70.9000015258789,71.4000015258789,47.47092056274414,1283900
2014-04-24,71.88999938964844,72.0,70.51000213623047,70.9000015258789,47.13849639892578,1119300
2014-04-25,70.81999969482422,70.9800033569336,70.30000305175781,70.38999938964844,46.79942321777344,799200
2014-04-28,70.62000274658203,70.94000244140625,69.58000183105469,70.75,47.03876876831055,1201600
2014-04-29,70.76000213623047,71.38999938964844,70.41999816894531,70.83000183105469,47.09196090698242,1187100
2014-04-30,70.6500015258789,70.83000183105469,69.88999938964844,70.38999938964844,46.79942321777344,2189500
2014-05-01,70.80999755859375,71.23999786376953,67.54000091552734,70.68000030517578,46.99223327636719,2918400
2014-05-02,70.66999816894531,71.0,69.5199966430664,69.56999969482422,46.25423049926758,1662700
2014-05-05,69.19000244140625,69.91000366210938,68.45999908447266,69.75,46.3738899230957,1209600
2014-05-06,69.4000015258789,69.6500015258789,68.48999786376953,68.55000305175781,45.576087951660156,1543200
2014-05-07,68.83999633789062,70.41999816894531,68.4000015258789,70.36000061035156,46.77946472167969,1621800
2014-05-08,70.01000213623047,70.5999984741211,69.04000091552734,69.16999816894531,45.9882926940918,1814400
2014-05-09,69.2300033569336,69.91999816894531,69.0,69.58999633789062,46.26751708984375,1407200
2014-05-12,69.9000015258789,71.01000213623047,69.31999969482422,70.91000366210938,47.145137786865234,1314700
2014-05-13,70.83999633789062,71.01000213623047,70.4000015258789,70.58999633789062,46.932395935058594,812700
2014-05-14,70.58000183105469,70.69999694824219,69.7699966430664,69.80999755859375,46.41379928588867,1120400
2014-05-15,69.80000305175781,69.94000244140625,69.22000122070312,69.4800033569336,46.19439697265625,1443800
2014-05-16,69.5199966430664,69.5199966430664,68.19000244140625,68.68000030517578,45.66250991821289,1053500
2014-05-19,68.63999938964844,70.41999816894531,68.4000015258789,70.3499984741211,46.77281188964844,1204300
2014-05-20,70.33000183105469,70.37000274658203,67.9000015258789,68.5199966430664,45.556129455566406,1689600
2014-05-21,69.0,70.0999984741211,68.66000366210938,70.0199966430664,46.553409576416016,996400
2014-05-22,69.83999633789062,71.37000274658203,69.73999786376953,71.33999633789062,47.431026458740234,1337800
2014-05-23,71.29000091552734,71.4000015258789,70.62999725341797,71.0,47.20498275756836,1039800
2014-05-27,71.4000015258789,72.02999877929688,71.0999984741211,71.66999816894531,47.65042495727539,1553000
2014-05-28,71.52999877929688,72.19999694824219,71.31999969482422,71.93000030517578,47.82331085205078,1101700
2014-05-29,72.0199966430664,72.4800033569336,71.55000305175781,72.45999908447266,48.1756706237793,1003700
2014-05-30,72.41000366210938,72.47000122070312,71.81999969482422,72.0,47.86983871459961,1671200
2014-06-02,72.05999755859375,72.2699966430664,71.01000213623047,71.94999694824219,47.836578369140625,1892500
2014-06-03,71.58999633789062,72.0,70.75,70.98999786376953,47.198341369628906,1539300
2014-06-04,70.66000366210938,70.97000122070312,69.93000030517578,70.26000213623047,46.71297836303711,1620700
2014-06-05,70.55999755859375,70.6500015258789,69.16000366210938,69.51000213623047,46.21434783935547,1660800
2014-06-06,69.30000305175781,69.9800033569336,69.30000305175781,69.81999969482422,46.73645782470703,1079000
2014-06-09,69.91999816894531,71.05000305175781,69.62000274658203,70.61000061035156,47.26527404785156,1620500
2014-06-10,69.97000122070312,70.12000274658203,69.4000015258789,70.02999877929688,46.877044677734375,1327500
2014-06-11,69.87000274658203,70.55000305175781,69.6500015258789,70.45999908447266,47.16487503051758,1554300
2014-06-12,70.37999725341797,71.16999816894531,70.13999938964844,70.88999938964844,47.45270919799805,1463200
2014-06-13,70.98999786376953,71.7699966430664,70.83000183105469,71.44999694824219,47.827552795410156,1514000
2014-06-16,71.45999908447266,71.5999984741211,70.30000305175781,70.9000015258789,47.459388732910156,1547700
2014-06-17,70.77999877929688,72.30999755859375,70.4800033569336,72.12000274658203,48.27605438232422,1662000
2014-06-18,72.05999755859375,72.48999786376953,71.43000030517578,72.27999877929688,48.38316345214844,1305700
2014-06-19,72.16000366210938,72.27999877929688,70.76000213623047,71.7300033569336,48.01499557495117,1398900
2014-06-20,72.12000274658203,72.12999725341797,71.29000091552734,71.75,48.02836227416992,1771000
2014-06-23,71.6500015258789,72.27999877929688,71.38999938964844,72.19000244140625,48.32290267944336,788400
2014-06-24,71.87999725341797,72.0,70.52999877929688,70.7699966430664,47.372379302978516,1229000
2014-06-25,70.91000366210938,71.48999786376953,70.52999877929688,70.68000030517578,47.31212615966797,1074100
2014-06-26,70.52999877929688,70.6500015258789,69.86000061035156,70.5,47.191627502441406,785700
2014-06-27,70.30000305175781,70.63999938964844,70.08999633789062,70.41999816894531,47.13808822631836,1089900
2014-06-30,70.8499984741211,71.69999694824219,70.55999755859375,70.94999694824219,47.49287414550781,1530100
2014-07-01,70.9800033569336,71.30999755859375,70.75,70.98999786376953,47.5196418762207,1378600
2014-07-02,70.7699966430664,71.18000030517578,70.61000061035156,71.05999755859375,47.566497802734375,1085000
2014-07-03,71.3499984741211,72.45999908447266,71.26000213623047,72.36000061035156,48.436702728271484,765400
2014-07-07,72.23999786376953,72.27999877929688,71.70999908447266,72.13999938964844,48.28944778442383,921700
2014-07-08,72.08999633789062,72.22000122070312,70.77999877929688,71.05000305175781,47.559810638427734,1346300
2014-07-09,71.27999877929688,71.62999725341797,70.44999694824219,71.58000183105469,47.91457748413086,3081700
2014-07-10,70.5999984741211,70.80999755859375,70.05999755859375,70.12999725341797,46.943965911865234,1372600
2014-07-11,69.94000244140625,70.58999633789062,69.73999786376953,70.48999786376953,47.184940338134766,1400100
2014-07-14,71.3499984741211,71.5199966430664,70.83000183105469,71.27999877929688,47.71376419067383,823100
2014-07-15,71.31999969482422,71.76000213623047,71.0,71.27999877929688,47.71376419067383,808800
2014-07-16,71.33999633789062,71.58000183105469,70.68000030517578,71.0199966430664,47.53971481323242,831000
2014-07-17,70.54000091552734,71.45999908447266,70.54000091552734,71.12999725341797,47.613380432128906,1295400
2014-07-18,71.45999908447266,72.94999694824219,71.08999633789062,72.45999908447266,48.50364303588867,1375900
2014-07-21,72.20999908447266,73.45999908447266,71.87999725341797,73.37999725341797,49.11948013305664,1603900
2014-07-22,73.45999908447266,74.76000213623047,73.45999908447266,74.56999969482422,49.9160270690918,1335300
2014-07-23,74.54000091552734,75.0999984741211,73.7699966430664,74.87999725341797,50.123538970947266,1835000
2014-07-24,74.9000015258789,75.88999938964844,74.79000091552734,75.36000061035156,50.444862365722656,1687700
2014-07-25,75.02999877929688,75.58999633789062,74.5,75.05000305175781,50.237342834472656,1702700
2014-07-28,75.1500015258789,75.44999694824219,74.1500015258789,75.13999938964844,50.29758834838867,1176600
2014-07-29,75.11000061035156,75.9000015258789,74.95999908447266,75.5,50.53855514526367,1419700
2014-07-30,75.9000015258789,76.22000122070312,75.2300033569336,75.83000183105469,50.75945281982422,1524900
2014-07-31,74.5,75.48999786376953,73.5999984741211,73.94000244140625,49.494319915771484,2198700
2014-08-01,73.70999908447266,74.68000030517578,73.3499984741211,74.18000030517578,49.65498733520508,1692100
2014-08-04,74.33000183105469,74.4000015258789,73.70999908447266,74.16999816894531,49.648277282714844,1793400
2014-08-05,73.9000015258789,74.12000274658203,73.22000122070312,73.6500015258789,49.300201416015625,1974300
2014-08-06,73.55000305175781,74.4800033569336,73.44000244140625,73.58999633789062,49.26005172729492,1524800
2014-08-07,74.05000305175781,74.05000305175781,73.0199966430664,73.22000122070312,49.01238250732422,1617500
2014-08-08,73.5,73.62000274658203,72.91000366210938,73.3499984741211,49.09938430786133,2550800
2014-08-11,73.69000244140625,73.93000030517578,73.27999877929688,73.37000274658203,49.11277389526367,1325000
2014-08-12,73.25,73.52999877929688,72.94999694824219,73.20999908447266,49.00567626953125,1712100
2014-08-13,72.25,73.69999694824219,72.25,73.54000091552734,49.22658920288086,1622500
2014-08-14,73.54000091552734,73.75,73.36000061035156,73.58999633789062,49.26005172729492,923500
2014-08-15,73.94999694824219,73.94999694824219,72.88999938964844,73.36000061035156,49.106082916259766,1307400
2014-08-18,73.94000244140625,74.31999969482422,73.69000244140625,73.80999755859375,49.407310485839844,1088700
2014-08-19,73.9800033569336,73.9800033569336,73.16999816894531,73.51000213623047,49.20648956298828,965100
2014-08-20,73.41000366210938,74.23999786376953,73.37000274658203,74.16999816894531,49.648277282714844,874000
2014-08-21,74.08000183105469,74.69999694824219,73.8499984741211,74.63999938964844,49.9629020690918,1066500
2014-08-22,74.45999908447266,75.19000244140625,74.22000122070312,74.86000061035156,50.11015319824219,958800
2014-08-25,75.33000183105469,75.98999786376953,74.94000244140625,75.6500015258789,50.63898468017578,983900
2014-08-26,75.37000274658203,76.69000244140625,75.37000274658203,76.36000061035156,51.11424255371094,1177600
2014-08-27,76.26000213623047,76.55000305175781,75.98999786376953,76.45999908447266,51.181182861328125,933200
2014-08-28,75.94000244140625,76.69000244140625,75.93000030517578,76.58000183105469,51.261497497558594,1042400
2014-08-29,76.87999725341797,77.41999816894531,76.5,76.55000305175781,51.241432189941406,1084900
2014-09-02,76.58000183105469,77.0999984741211,76.4000015258789,76.75,51.37529754638672,1255000
2014-09-03,77.02999877929688,77.19999694824219,76.0,76.5199966430664,51.22132110595703,927700
2014-09-04,76.66999816894531,77.0199966430664,76.25,76.61000061035156,51.28158187866211,1169200
2014-09-05,76.52999877929688,76.55000305175781,75.8499984741211,76.44999694824219,51.17448043823242,1345800
2014-09-08,76.0199966430664,76.30999755859375,75.62999725341797,75.94000244140625,51.147544860839844,1020000
2014-09-09,75.91999816894531,76.1500015258789,75.38999938964844,75.68000030517578,50.972415924072266,895400
2014-09-10,75.88999938964844,76.27999877929688,75.30000305175781,76.01000213623047,51.19468307495117,1157200
2014-09-11,75.91000366210938,77.5999984741211,75.91000366210938,77.5199966430664,52.21171188354492,1514200
2014-09-12,77.52999877929688,79.36000061035156,77.5199966430664,79.33000183105469,53.430789947509766,2321600
2014-09-15,79.0,80.16000366210938,78.87999725341797,79.81999969482422,53.76082992553711,1880900
2014-09-16,79.63999938964844,80.41999816894531,79.18000030517578,79.87000274658203,53.79451370239258,1435600
2014-09-17,79.75,81.0199966430664,79.45999908447266,80.69000244140625,54.34678268432617,1933200
2014-09-18,80.33999633789062,83.61000061035156,80.11000061035156,82.95999908447266,55.875701904296875,3067400
2014-09-19,83.66000366210938,83.66000366210938,82.13999938964844,82.83999633789062,55.79487228393555,2227200
2014-09-22,82.66999816894531,83.1500015258789,82.18000030517578,82.56999969482422,55.61301803588867,1520400
2014-09-23,82.54000091552734,83.0,81.11000061035156,81.12999725341797,54.64314270019531,1652100
2014-09-24,81.12999725341797,81.58999633789062,80.80000305175781,81.27999877929688,54.744171142578125,1185100
2014-09-25,80.95999908447266,81.2300033569336,78.9800033569336,79.19999694824219,53.34323501586914,2158200
2014-09-26,79.73999786376953,80.16000366210938,78.72000122070312,80.02999877929688,53.90224838256836,1852500
2014-09-29,79.30000305175781,79.91999816894531,78.91999816894531,79.5,53.545284271240234,1544200
2014-09-30,79.56999969482422,80.23999786376953,79.38999938964844,79.95999908447266,53.85511016845703,1983200
2014-10-01,79.95999908447266,80.01000213623047,79.2300033569336,79.4000015258789,53.47795486450195,2005100
2014-10-02,79.7300033569336,80.94000244140625,79.62000274658203,80.41999816894531,54.164939880371094,2299600
2014-10-03,79.76000213623047,81.3499984741211,79.76000213623047,80.94999694824219,54.52189636230469,1683100
2014-10-06,81.29000091552734,81.75,80.91000366210938,81.3499984741211,54.79131317138672,1909800
2014-10-07,80.94000244140625,81.30999755859375,79.72000122070312,79.75,53.713661193847656,1715500
2014-10-08,79.91999816894531,81.19999694824219,79.70999908447266,81.16000366210938,54.6633415222168,3011600
2014-10-09,80.93000030517578,81.5,80.37000274658203,80.9800033569336,54.54210662841797,1755100
2014-10-10,81.11000061035156,82.62000274658203,80.94000244140625,81.61000061035156,54.9664192199707,1683200
2014-10-13,80.81999969482422,81.33000183105469,78.87000274658203,79.01000213623047,53.215267181396484,1980100
2014-10-14,79.66999816894531,80.58000183105469,79.5199966430664,79.8499984741211,53.78102111816406,1549600
2014-10-15,79.05999755859375,80.56999969482422,75.94000244140625,79.30999755859375,53.41730880737305,3139700
2014-10-16,77.98999786376953,79.76000213623047,77.55999755859375,79.12999725341797,53.296077728271484,1824400
2014-10-17,79.56999969482422,80.02999877929688,77.77999877929688,78.26000213623047,52.71013641357422,2333600
2014-10-20,78.33000183105469,79.6500015258789,77.81999969482422,79.38999938964844,53.47119903564453,1336600
2014-10-21,80.0199966430664,80.05999755859375,79.44000244140625,80.04000091552734,53.908992767333984,1096700
2014-10-22,80.25,80.30000305175781,79.29000091552734,79.48999786376953,53.5385627746582,1071700
2014-10-23,80.33000183105469,81.66999816894531,79.9800033569336,81.19999694824219,54.69028854370117,1388000
2014-10-24,81.05999755859375,82.41999816894531,81.0199966430664,82.30999755859375,55.43791198730469,1063400
2014-10-27,82.22000122070312,82.79000091552734,81.7300033569336,81.9800033569336,55.21562957763672,1129600
2014-10-28,82.05000305175781,82.43000030517578,80.75,81.33000183105469,54.7778434753418,1750500
2014-10-29,81.13999938964844,82.0999984741211,80.81999969482422,81.83000183105469,55.114593505859375,1516900
2014-10-30,81.55000305175781,82.16000366210938,80.61000061035156,81.55999755859375,54.93274688720703,1631200
2014-10-31,82.75,83.87999725341797,82.31999969482422,83.80999755859375,56.44819641113281,2979800
2014-11-03,84.11000061035156,85.0,83.83000183105469,84.79000091552734,57.10823440551758,1832800
2014-11-04,84.68000030517578,85.37999725341797,84.58999633789062,85.2699966430664,57.43153381347656,1734100
2014-11-05,85.7300033569336,86.18000030517578,85.25,85.7699966430664,57.76829528808594,1521100
2014-11-06,85.69999694824219,86.4000015258789,85.48999786376953,86.2699966430664,58.10505294799805,969100
2014-11-07,86.08000183105469,86.4000015258789,85.06999969482422,85.5999984741211,57.65378952026367,939200
2014-11-10,85.5999984741211,86.04000091552734,85.0199966430664,85.94999694824219,57.88951110839844,1041500
2014-11-11,86.0,86.38999938964844,85.61000061035156,86.29000091552734,58.1185302734375,752300
2014-11-12,86.06999969482422,86.27999877929688,85.48999786376953,85.5999984741211,57.65378952026367,1062700
2014-11-13,85.94999694824219,86.13999938964844,84.87000274658203,85.13999938964844,57.34397888183594,1282800
2014-11-14,85.19000244140625,85.51000213623047,84.70999908447266,84.81999969482422,57.12844467163086,1277300
2014-11-17,84.61000061035156,84.8499984741211,83.8499984741211,84.08999633789062,56.63676834106445,1327800
2014-11-18,84.38999938964844,84.44999694824219,83.33999633789062,83.70999908447266,56.3808479309082,1467300
2014-11-19,83.51000213623047,84.0199966430664,82.72000122070312,83.77999877929688,56.42799377441406,1510600
2014-11-20,83.19000244140625,84.0,82.51000213623047,83.58999633789062,56.29998779296875,1300900
2014-11-21,84.58000183105469,84.58000183105469,82.83000183105469,83.13999938964844,55.996925354003906,1159800
2014-11-24,83.55999755859375,84.19000244140625,83.02999877929688,83.36000061035156,56.14509963989258,998600
2014-11-25,83.01000213623047,84.0,83.0,83.52999877929688,56.259605407714844,1856900
2014-11-26,83.5999984741211,83.83999633789062,83.29000091552734,83.69000244140625,56.36736297607422,1093600
2014-11-28,84.12000274658203,84.91000366210938,83.8499984741211,84.63999938964844,57.00722885131836,1370000
2014-12-01,84.58999633789062,84.83000183105469,84.01000213623047,84.61000061035156,56.987022399902344,1398900
2014-12-02,84.6500015258789,85.63999938964844,84.37000274658203,85.61000061035156,57.6605339050293,1713700
2014-12-03,85.38999938964844,86.80000305175781,85.08999633789062,86.73999786376953,58.42161560058594,1420000
2014-12-04,86.43000030517578,87.26000213623047,86.23999786376953,87.23999786376953,58.75837707519531,1315000
2014-12-05,87.6500015258789,88.87999725341797,87.4800033569336,88.73999786376953,59.7686653137207,2018700
2014-12-08,87.95999908447266,89.48999786376953,87.58999633789062,88.93000030517578,60.215553283691406,1922200
2014-12-09,88.04000091552734,88.63999938964844,86.9800033569336,88.58000183105469,59.97859191894531,1085100
2014-12-10,88.22000122070312,89.52999877929688,88.0,89.02999877929688,60.28325653076172,2210700
2014-12-11,89.5199966430664,89.98999786376953,88.33999633789062,88.4800033569336,59.9108772277832,1902900
2014-12-12,87.81999969482422,88.37999725341797,87.04000091552734,87.08000183105469,58.96290588378906,1427200
2014-12-15,87.66999816894531,88.16999816894531,87.0,87.94000244140625,59.54524230957031,1758100
2014-12-16,87.5,88.43000030517578,86.81999969482422,87.5,59.24729919433594,1722100
2014-12-17,87.69999694824219,89.98999786376953,87.55999755859375,89.94000244140625,60.8994255065918,1969000
2014-12-18,90.05999755859375,92.30000305175781,90.02999877929688,92.27999877929688,62.48387908935547,2187100
2014-12-19,91.93000030517578,93.04000091552734,91.93000030517578,92.36000061035156,62.538047790527344,2746200
2014-12-22,92.2699966430664,93.04000091552734,92.0,92.91000366210938,62.910484313964844,1680300
2014-12-23,93.19999694824219,93.91000366210938,92.62999725341797,92.72000122070312,62.78182601928711,1443500
2014-12-24,91.0,91.3499984741211,90.1500015258789,90.58000183105469,62.684940338134766,908700
2014-12-26,91.04000091552734,91.3499984741211,90.31999969482422,90.38999938964844,62.5534553527832,716800
2014-12-29,90.0199966430664,90.95999908447266,89.63999938964844,90.18000030517578,62.408111572265625,889200
2014-12-30,89.95999908447266,90.19999694824219,89.68000030517578,89.8499984741211,62.179744720458984,782900
2014-12-31,90.08999633789062,90.29000091552734,88.63999938964844,88.6500015258789,61.34929656982422,863400
2015-01-02,89.22000122070312,89.37999725341797,87.62000274658203,88.13999938964844,60.99637985229492,1130200
2015-01-05,87.9000015258789,89.04000091552734,87.69000244140625,88.63999938964844,61.3423957824707,1503900
2015-01-06,89.0,89.20999908447266,87.0199966430664,87.29000091552734,60.408111572265625,1583800
2015-01-07,87.0,88.33999633789062,86.6500015258789,88.30000305175781,61.107093811035156,1908800
2015-01-08,89.26000213623047,89.97000122070312,88.54000091552734,88.70999908447266,61.39082717895508,2002400
2015-01-09,88.69999694824219,89.26000213623047,88.19999694824219,88.79000091552734,61.44618606567383,1239500
2015-01-12,88.93000030517578,89.23999786376953,87.41999816894531,87.61000061035156,60.62957000732422,1137900
2015-01-13,88.5999984741211,89.19999694824219,86.86000061035156,87.12999725341797,60.297401428222656,1746200
2015-01-14,85.38999938964844,86.20999908447266,84.33999633789062,85.01000213623047,58.83029556274414,2362800
2015-01-15,84.93000030517578,85.54000091552734,84.44999694824219,84.87000274658203,58.73337936401367,1308100
2015-01-16,84.4800033569336,85.22000122070312,83.43000030517578,85.04000091552734,58.851043701171875,2198000
2015-01-20,86.73999786376953,87.36000061035156,85.4800033569336,85.55000305175781,59.20399856567383,2095400
2015-01-21,85.29000091552734,86.97000122070312,84.98999786376953,85.55000305175781,59.20399856567383,2147100
2015-01-22,85.58000183105469,88.9000015258789,85.37999725341797,88.56999969482422,61.29392623901367,2125900
2015-01-23,88.5,88.94000244140625,87.68000030517578,88.5199966430664,61.259334564208984,1009600
2015-01-26,88.62000274658203,88.98999786376953,87.38999938964844,88.79000091552734,61.44618606567383,724900
2015-01-27,88.30000305175781,88.83999633789062,87.26000213623047,87.37000274658203,60.46351623535156,761400
2015-01-28,88.0199966430664,88.4000015258789,85.13999938964844,85.16999816894531,58.941001892089844,1337000
2015-01-29,85.22000122070312,86.29000091552734,85.06999969482422,86.22000122070312,59.66764450073242,1309400
2015-01-30,85.08999633789062,86.38999938964844,85.0,85.30000305175781,59.030967712402344,1533600
2015-02-02,85.83999633789062,87.23999786376953,84.7699966430664,87.08000183105469,60.262786865234375,1329800
2015-02-03,87.16999816894531,87.86000061035156,86.68000030517578,87.2699966430664,60.39427947998047,1680000
2015-02-04,87.73999786376953,89.88999938964844,87.37000274658203,89.25,61.76450729370117,2255300
2015-02-05,89.79000091552734,91.62000274658203,89.2699966430664,90.83999633789062,62.864871978759766,2321600
2015-02-06,92.04000091552734,95.20999908447266,91.55999755859375,94.20999908447266,65.19703674316406,3217800
2015-02-09,93.62000274658203,94.87000274658203,93.08999633789062,93.81999969482422,64.92713928222656,1425300
2015-02-10,94.04000091552734,94.91999816894531,93.25,94.62000274658203,65.48078155517578,1423800
2015-02-11,94.58000183105469,95.31999969482422,93.97000122070312,94.80999755859375,65.61225128173828,1024000
2015-02-12,94.88999938964844,95.80000305175781,94.5999984741211,95.30999755859375,65.95828247070312,1437100
2015-02-13,94.83000183105469,95.37999725341797,93.73999786376953,93.91999816894531,64.99635314941406,1668300
2015-02-17,94.01000213623047,94.3499984741211,93.4800033569336,94.19999694824219,65.19010162353516,1219200
2015-02-18,94.16000366210938,94.75,93.31999969482422,93.76000213623047,64.88561248779297,879700
2015-02-19,93.6500015258789,94.2300033569336,93.4000015258789,94.18000030517578,65.17626953125,1167500
2015-02-20,94.11000061035156,94.38999938964844,92.4800033569336,94.25,65.2247314453125,1911500
2015-02-23,93.9800033569336,95.01000213623047,93.51000213623047,94.98999786376953,65.73680877685547,916600
2015-02-24,95.23999786376953,97.12000274658203,94.97000122070312,96.16999816894531,66.55342102050781,1341600
2015-02-25,96.02999877929688,96.79000091552734,95.83999633789062,96.52999877929688,66.80258178710938,752900
2015-02-26,96.25,96.69000244140625,95.55999755859375,96.0199966430664,66.44962310791016,865800
2015-02-27,95.79000091552734,96.43000030517578,95.25,95.93000030517578,66.3873519897461,941100
2015-03-02,95.7300033569336,97.18000030517578,95.48999786376953,97.12000274658203,67.21087646484375,1015800
2015-03-03,96.69999694824219,97.18000030517578,95.98999786376953,97.0999984741211,67.19701385498047,1664500
2015-03-04,96.87000274658203,96.95999908447266,96.2300033569336,96.48999786376953,66.77489471435547,1444800
2015-03-05,96.41999816894531,97.08000183105469,96.25,96.81999969482422,67.00328063964844,886600
2015-03-06,96.20999908447266,97.80000305175781,95.05999755859375,95.41999816894531,66.37718200683594,1553400
2015-03-09,95.56999969482422,96.73999786376953,95.12000274658203,96.56999969482422,67.17715454101562,1012200
2015-03-10,95.4800033569336,96.2699966430664,95.06999969482422,95.30000305175781,66.2937240600586,1518200
2015-03-11,95.76000213623047,96.55999755859375,95.11000061035156,96.29000091552734,66.98238372802734,951800
2015-03-12,97.0199966430664,97.62999725341797,95.94000244140625,97.33000183105469,67.7058334350586,1278900
2015-03-13,97.19999694824219,97.52999877929688,96.30000305175781,96.83000183105469,67.35801696777344,1391700
2015-03-16,97.70999908447266,100.48999786376953,97.69999694824219,100.05999755859375,69.60492706298828,2797600
2015-03-17,99.29000091552734,99.9800033569336,98.79000091552734,99.75,69.38927459716797,1794400
2015-03-18,99.44000244140625,99.94999694824219,98.33000183105469,98.98999786376953,68.86058807373047,1808900
2015-03-19,99.0,99.91999816894531,98.62999725341797,99.66999816894531,69.3336181640625,1752500
2015-03-20,100.0999984741211,100.61000061035156,98.79000091552734,99.75,69.38927459716797,7031000
2015-03-23,99.5199966430664,99.5999984741211,98.61000061035156,98.75,68.69364929199219,1902300
2015-03-24,98.45999908447266,98.97000122070312,97.30000305175781,97.33999633789062,67.7127914428711,2153300
2015-03-25,97.26000213623047,97.26000213623047,94.19000244140625,94.2699966430664,65.57718658447266,2593200
2015-03-26,94.9000015258789,95.4000015258789,94.45999908447266,94.79000091552734,65.93895721435547,2719700
2015-03-27,94.38999938964844,94.83000183105469,93.68000030517578,94.66000366210938,65.84850311279297,1228600
2015-03-30,95.44999694824219,96.04000091552734,94.95999908447266,95.29000091552734,66.2867660522461,1305500
2015-03-31,94.6500015258789,95.23999786376953,94.4800033569336,94.70999908447266,65.88330841064453,1353900
2015-04-01,94.4800033569336,94.9800033569336,94.0,94.5,65.73722076416016,1093700
2015-04-02,94.68000030517578,94.86000061035156,92.87999725341797,92.91000366210938,64.63115692138672,2052300
2015-04-06,92.5,93.16000366210938,91.4000015258789,92.0999984741211,64.06768798828125,3734100
2015-04-07,92.37000274658203,92.80000305175781,90.55999755859375,90.58000183105469,63.01034164428711,3289800
2015-04-08,90.93000030517578,91.54000091552734,90.25,90.36000061035156,62.85728454589844,1862300
2015-04-09,90.25,90.9800033569336,89.94000244140625,90.8499984741211,63.19814682006836,1790600
2015-04-10,90.68000030517578,92.43000030517578,90.56999969482422,92.2699966430664,64.18594360351562,1710300
2015-04-13,92.33999633789062,92.69000244140625,91.97000122070312,92.02999877929688,64.01899719238281,957700
2015-04-14,91.81999969482422,92.5,90.9800033569336,91.19999694824219,63.4416389465332,1079600
2015-04-15,91.33999633789062,91.61000061035156,90.80000305175781,91.1500015258789,63.40684509277344,1262000
2015-04-16,90.98999786376953,91.83000183105469,90.70999908447266,91.5199966430664,63.664222717285156,965500
2015-04-17,90.86000061035156,91.18000030517578,89.61000061035156,89.91000366210938,62.54426193237305,2308200
2015-04-20,90.54000091552734,91.19000244140625,90.20999908447266,90.79000091552734,63.15641784667969,1084200
2015-04-21,90.94000244140625,91.41999816894531,90.16999816894531,90.23999786376953,62.77381896972656,981500
2015-04-22,90.30999755859375,91.16999816894531,89.5,90.66999816894531,63.07292175292969,1137200
2015-04-23,90.52999877929688,90.87999725341797,89.70999908447266,90.30999755859375,62.822509765625,903400
2015-04-24,90.26000213623047,90.55999755859375,89.2699966430664,89.88999938964844,62.530338287353516,998100
2015-04-27,89.87999725341797,90.37999725341797,88.72000122070312,88.86000061035156,61.813819885253906,1300100
2015-04-28,88.48999786376953,89.54000091552734,88.22000122070312,89.51000213623047,62.265995025634766,1552600
2015-04-29,88.86000061035156,90.05999755859375,88.77999877929688,89.19999694824219,62.05035400390625,1457800
2015-04-30,89.48999786376953,91.86000061035156,88.75,90.91000366210938,63.239891052246094,3311700
2015-05-01,91.63999938964844,91.81999969482422,90.66999816894531,90.77999877929688,63.14945983886719,1437300
2015-05-04,90.77999877929688,90.95999908447266,89.94000244140625,90.81999969482422,63.17726516723633,921400
2015-05-05,90.41000366210938,91.08999633789062,90.05000305175781,90.91000366210938,63.239891052246094,1762600
2015-05-06,90.91000366210938,91.37000274658203,89.76000213623047,90.30000305175781,62.81557083129883,1486300
2015-05-07,90.37000274658203,92.80000305175781,90.3499984741211,92.4000015258789,64.2763900756836,2353600
2015-05-08,93.72000122070312,94.70999908447266,92.87000274658203,94.37000274658203,65.64677429199219,1775800
2015-05-11,94.5,95.9000015258789,94.38999938964844,95.4000015258789,66.3632583618164,1629700
2015-05-12,94.62000274658203,95.52999877929688,94.41999816894531,95.05000305175781,66.11981964111328,1278500
2015-05-13,95.12999725341797,95.23999786376953,94.3499984741211,95.13999938964844,66.1823959350586,1023400
2015-05-14,95.75,96.2300033569336,94.97000122070312,96.08999633789062,66.84326171875,1026300
2015-05-15,96.0199966430664,96.48999786376953,94.41999816894531,94.98999786376953,66.07804107666016,1133500
2015-05-18,95.08999633789062,95.94000244140625,94.87000274658203,94.91999816894531,66.02938842773438,1196400
2015-05-19,95.11000061035156,95.41999816894531,94.70999908447266,95.01000213623047,66.09201049804688,974300
2015-05-20,95.19000244140625,95.23999786376953,93.93000030517578,93.94000244140625,65.34764099121094,898600
2015-05-21,93.81999969482422,93.9000015258789,92.87000274658203,93.4000015258789,64.97201538085938,1454000
2015-05-22,93.4000015258789,94.45999908447266,93.0999984741211,93.9800033569336,65.37547302246094,1050500
2015-05-26,94.05000305175781,94.30000305175781,93.43000030517578,93.45999908447266,65.01374053955078,1175100
2015-05-27,93.55000305175781,94.13999938964844,92.7699966430664,93.87999725341797,65.30592346191406,762900
2015-05-28,93.69999694824219,94.05999755859375,93.31999969482422,94.02999877929688,65.4102783203125,739300
2015-05-29,94.02999877929688,94.29000091552734,93.06999969482422,94.19999694824219,65.52851104736328,1583900
2015-06-01,94.4800033569336,94.70999908447266,93.69000244140625,94.12999725341797,65.47982025146484,1327600
2015-06-02,93.58999633789062,94.44000244140625,93.5,94.30000305175781,65.59808349609375,1558200
2015-06-03,94.25,95.2300033569336,94.01000213623047,94.5199966430664,65.75110626220703,1621900
2015-06-04,94.16999816894531,94.94999694824219,93.87999725341797,94.23999786376953,65.55633544921875,1420100
2015-06-05,95.0,96.47000122070312,94.75,95.94999694824219,66.74586486816406,2380600
2015-06-08,95.63999938964844,96.16000366210938,95.12000274658203,95.16999816894531,66.55007934570312,1250100
2015-06-09,95.19999694824219,96.43000030517578,94.61000061035156,96.30000305175781,67.34025573730469,2050300
2015-06-10,96.62999725341797,98.66000366210938,96.0999984741211,98.58999633789062,68.94160461425781,2588100
2015-06-11,98.69999694824219,99.22000122070312,98.27999877929688,98.87000274658203,69.13739013671875,1560100
2015-06-12,98.87000274658203,99.11000061035156,96.62999725341797,96.93000030517578,67.78079986572266,1392900
2015-06-15,96.05999755859375,96.68000030517578,95.37000274658203,96.23999786376953,67.29830169677734,1102800
2015-06-16,95.94999694824219,96.8499984741211,95.94999694824219,96.52999877929688,67.50110626220703,1320500
2015-06-17,96.81999969482422,97.41000366210938,96.30000305175781,96.44999694824219,67.44514465332031,1415900
2015-06-18,96.9000015258789,97.05000305175781,95.80999755859375,96.01000213623047,67.13745880126953,1535300
2015-06-19,95.7300033569336,96.26000213623047,93.9000015258789,93.98999786376953,65.72492980957031,2845500
2015-06-22,94.80999755859375,95.19999694824219,94.4800033569336,94.66999816894531,66.20043182373047,904700
2015-06-23,94.66000366210938,95.33000183105469,94.55000305175781,94.79000091552734,66.28437805175781,837700
2015-06-24,94.79000091552734,94.83999633789062,93.61000061035156,93.66000366210938,65.49418640136719,1255900
2015-06-25,93.56999969482422,94.6500015258789,93.37000274658203,94.0,65.73190307617188,1264100
2015-06-26,94.29000091552734,94.3499984741211,93.62999725341797,93.83000183105469,65.61302947998047,1162800
2015-06-29,92.75,93.52999877929688,92.30999755859375,92.30999755859375,64.5501480102539,1375600
2015-06-30,93.12000274658203,93.61000061035156,92.66999816894531,93.05999755859375,65.07461547851562,1729800
2015-07-01,93.83000183105469,94.19999694824219,93.3499984741211,93.70999908447266,65.52914428710938,1045600
2015-07-02,94.19000244140625,94.47000122070312,93.77999877929688,94.2699966430664,65.92070007324219,1356900
2015-07-06,93.80000305175781,94.8499984741211,93.11000061035156,94.58000183105469,66.13749694824219,1103700
2015-07-07,94.56999969482422,95.25,93.48999786376953,95.23999786376953,66.59900665283203,1512300
2015-07-08,94.55000305175781,95.18000030517578,94.0199966430664,95.01000213623047,66.43822479248047,1801100
2015-07-09,96.23999786376953,97.56999969482422,95.80999755859375,96.97000122070312,67.80878448486328,1536800
2015-07-10,98.36000061035156,99.20999908447266,98.05000305175781,98.51000213623047,68.88568115234375,1797800
2015-07-13,99.3499984741211,99.75,98.0199966430664,98.08999633789062,68.59197235107422,1210100
2015-07-14,98.26000213623047,98.37999725341797,97.13999938964844,97.22000122070312,67.98358917236328,1559600
2015-07-15,97.61000061035156,98.01000213623047,96.86000061035156,97.80999755859375,68.39617156982422,1245600
2015-07-16,98.0999984741211,99.20999908447266,97.87000274658203,99.16999816894531,69.34717559814453,1786300
2015-07-17,98.08999633789062,99.9000015258789,98.0,99.7300033569336,69.73878479003906,1222200
2015-07-20,98.2699966430664,100.31999969482422,98.0199966430664,99.83999633789062,69.81570434570312,1036800
2015-07-21,100.02999877929688,100.87000274658203,98.55000305175781,98.69999694824219,69.01850891113281,1468400
2015-07-22,99.41999816894531,99.5,98.12000274658203,98.94000244140625,69.18633270263672,1008400
2015-07-23,98.4800033569336,98.61000061035156,96.0999984741211,96.62000274658203,67.56404876708984,1764900
2015-07-24,96.38999938964844,97.56999969482422,96.19999694824219,96.66000366210938,67.5920181274414,881100
2015-07-27,96.04000091552734,96.48999786376953,95.19999694824219,95.55000305175781,66.81583404541016,755900
2015-07-28,96.30000305175781,96.58999633789062,95.4000015258789,96.16000366210938,67.24238586425781,1194800
2015-07-29,95.94000244140625,97.18000030517578,95.55999755859375,97.01000213623047,67.83675384521484,1391300
2015-07-30,96.86000061035156,97.91999816894531,96.38999938964844,97.01000213623047,67.83675384521484,1343700
2015-07-31,96.97000122070312,97.05000305175781,95.7300033569336,96.04000091552734,67.15845489501953,1522200
2015-08-03,96.37000274658203,97.11000061035156,96.08999633789062,96.97000122070312,67.80878448486328,1194000
2015-08-04,96.86000061035156,97.20999908447266,96.1500015258789,96.69000244140625,67.61299133300781,1032100
2015-08-05,97.6500015258789,98.08000183105469,96.9000015258789,97.88999938964844,68.45211029052734,1762800
2015-08-06,98.2699966430664,98.2699966430664,96.51000213623047,97.08999633789062,67.8927001953125,1105800
2015-08-07,96.97000122070312,97.41000366210938,96.41000366210938,97.23999786376953,67.99756622314453,832100
2015-08-10,98.12999725341797,98.38999938964844,97.62999725341797,98.0,68.5290298461914,918700
2015-08-11,97.5999984741211,97.94999694824219,96.80000305175781,97.25,68.00457763671875,1294000
2015-08-12,96.73999786376953,97.1500015258789,95.01000213623047,97.0199966430664,67.84373474121094,1399100
2015-08-13,96.94000244140625,98.04000091552734,96.18000030517578,97.72000122070312,68.33321380615234,1471800
2015-08-14,97.87999725341797,98.26000213623047,97.44999694824219,98.16000366210938,68.64089965820312,1123600
2015-08-17,97.6500015258789,98.37000274658203,97.22000122070312,98.25,68.703857421875,1015900
2015-08-18,98.2699966430664,98.66000366210938,98.0199966430664,98.29000091552734,68.7318344116211,1097400
2015-08-19,98.04000091552734,98.25,96.5,97.2300033569336,67.99057006835938,1700200
2015-08-20,96.26000213623047,97.04000091552734,95.41999816894531,96.05999755859375,67.17242431640625,1898000
2015-08-21,95.43000030517578,95.62999725341797,91.5999984741211,91.63999938964844,64.08163452148438,3452700
2015-08-24,88.45999908447266,91.5999984741211,84.33000183105469,88.73999786376953,62.05374526977539,3557200
2015-08-25,90.72000122070312,91.69000244140625,89.05999755859375,89.0999984741211,62.305477142333984,2799600
2015-08-26,91.16999816894531,92.2300033569336,89.2300033569336,91.73999786376953,64.15155029296875,1757000
2015-08-27,92.58999633789062,93.7699966430664,91.97000122070312,93.7699966430664,65.5710678100586,1648700
2015-08-28,93.55999755859375,94.94999694824219,93.02999877929688,94.62000274658203,66.16547393798828,1392700
2015-08-31,94.48999786376953,95.0,93.11000061035156,94.44000244140625,66.03961944580078,2318300
2015-09-01,92.3499984741211,92.62999725341797,90.68000030517578,91.12000274658203,63.7180290222168,1689900
2015-09-02,92.19000244140625,92.7300033569336,91.66999816894531,92.55999755859375,64.72498321533203,1187900
2015-09-03,92.87999725341797,94.62999725341797,92.5199966430664,93.80999755859375,65.59906768798828,1249500
2015-09-04,92.2699966430664,93.30999755859375,91.94000244140625,92.43000030517578,64.63407135009766,1557100
2015-09-08,94.0,94.91999816894531,92.75,94.81999969482422,66.66597747802734,1111100
2015-09-09,94.47000122070312,94.91999816894531,91.80000305175781,92.0,64.68329620361328,4035900
2015-09-10,92.19999694824219,93.87000274658203,91.9000015258789,93.47000122070312,65.71680450439453,2582500
2015-09-11,92.91000366210938,94.5,92.79000091552734,94.4800033569336,66.42691040039062,1544800
2015-09-14,94.37000274658203,94.80000305175781,94.0199966430664,94.44000244140625,66.3988037109375,1174200
2015-09-15,94.97000122070312,95.51000213623047,94.12000274658203,95.23999786376953,66.96123504638672,1348800
2015-09-16,95.13999938964844,95.62999725341797,94.56999969482422,95.37000274658203,67.05265808105469,1310700
2015-09-17,95.63999938964844,96.2300033569336,92.16000366210938,92.31999969482422,64.90827941894531,2527400
2015-09-18,91.4000015258789,91.98999786376953,90.16000366210938,90.4000015258789,63.558353424072266,6420300
2015-09-21,91.04000091552734,92.22000122070312,90.77999877929688,91.94999694824219,64.64811706542969,1299200
2015-09-22,90.33000183105469,91.79000091552734,90.18000030517578,90.70999908447266,63.776309967041016,1217500
2015-09-23,90.72000122070312,91.44999694824219,90.55999755859375,91.23999786376953,64.14895629882812,670500
2015-09-24,90.2699966430664,91.13999938964844,89.30000305175781,90.16000366210938,63.389617919921875,1232500
2015-09-25,91.31999969482422,93.04000091552734,90.2699966430664,92.37999725341797,64.95043182373047,1307700
2015-09-28,91.70999908447266,92.13999938964844,90.4800033569336,90.5199966430664,63.642696380615234,1293200
2015-09-29,90.51000213623047,90.9800033569336,89.44999694824219,90.38999938964844,63.55132293701172,981700
2015-09-30,91.36000061035156,92.80999755859375,90.44000244140625,92.73999786376953,65.20356750488281,1421600
2015-10-01,92.83000183105469,93.81999969482422,92.27999877929688,93.77999877929688,65.93476104736328,1560000
2015-10-02,92.22000122070312,92.3499984741211,88.7699966430664,90.56999969482422,63.67786407470703,3693100
2015-10-05,91.2300033569336,91.45999908447266,89.55000305175781,91.2300033569336,64.14189147949219,2010100
2015-10-06,91.56999969482422,91.83999633789062,89.83999633789062,89.8499984741211,63.17165756225586,1718800
2015-10-07,91.08000183105469,91.61000061035156,89.94999694824219,90.69000244140625,63.76224899291992,1412100
2015-10-08,90.0999984741211,90.37000274658203,88.86000061035156,89.87999725341797,63.192752838134766,1525200
2015-10-09,90.05999755859375,90.0999984741211,87.63999938964844,88.30000305175781,62.08189392089844,1678900
2015-10-12,88.41000366210938,89.80000305175781,88.0199966430664,89.55999755859375,62.967769622802734,771900
2015-10-13,88.77999877929688,89.45999908447266,88.12000274658203,88.26000213623047,62.053768157958984,1093400
2015-10-14,88.29000091552734,88.76000213623047,86.9800033569336,87.31999969482422,61.39286804199219,1482800
2015-10-15,87.44000244140625,89.29000091552734,87.2300033569336,89.19000244140625,62.70762252807617,1645100
2015-10-16,89.76000213623047,89.93000030517578,88.98999786376953,89.9000015258789,63.2067985534668,1121200
2015-10-19,89.22000122070312,91.5,88.55999755859375,91.4000015258789,64.26142883300781,1207800
2015-10-20,91.43000030517578,91.91999816894531,90.76000213623047,91.54000091552734,64.35986328125,1182900
2015-10-21,91.80000305175781,91.98999786376953,90.2699966430664,90.33999633789062,63.51614761352539,575600
2015-10-22,90.73999786376953,92.80999755859375,90.7300033569336,92.45999908447266,65.00669860839844,1040700
2015-10-23,93.0,94.05000305175781,92.58000183105469,93.94999694824219,66.05428314208984,937700
2015-10-26,93.95999908447266,94.69999694824219,93.19000244140625,93.9000015258789,66.01912689208984,1001200
2015-10-27,93.33999633789062,94.47000122070312,92.97000122070312,93.88999938964844,66.01212310791016,748700
2015-10-28,93.88999938964844,96.04000091552734,93.58999633789062,95.94000244140625,67.45340728759766,1133500
2015-10-29,95.79000091552734,97.81999969482422,93.05000305175781,97.41999816894531,68.49394989013672,1579300
2015-10-30,96.61000061035156,97.43000030517578,94.4000015258789,94.47000122070312,66.41988372802734,2041000
2015-11-02,94.95999908447266,96.51000213623047,94.47000122070312,96.43000030517578,67.79791259765625,1390400
2015-11-03,96.2699966430664,96.98999786376953,95.66000366210938,96.01000213623047,67.50262451171875,921100
2015-11-04,96.13999938964844,96.2300033569336,94.5199966430664,95.38999938964844,67.06668853759766,1106000
2015-11-05,95.69999694824219,96.58000183105469,95.2300033569336,95.51000213623047,67.15107727050781,825400
2015-11-06,96.66999816894531,98.44000244140625,96.19999694824219,96.79000091552734,68.0510482788086,1263600
2015-11-09,96.75,97.87999725341797,96.36000061035156,97.22000122070312,68.35334777832031,1360300
2015-11-10,96.73999786376953,97.72000122070312,96.48999786376953,97.6500015258789,68.65567016601562,940600
2015-11-11,98.26000213623047,98.87000274658203,97.45999908447266,97.9000015258789,68.83145141601562,962500
2015-11-12,97.51000213623047,97.9800033569336,96.3499984741211,96.3499984741211,67.74165344238281,791200
2015-11-13,96.12000274658203,97.66000366210938,94.73999786376953,95.44999694824219,67.10889434814453,1041000
2015-11-16,95.2300033569336,95.83999633789062,94.05999755859375,95.83999633789062,67.38311004638672,1045100
2015-11-17,96.13999938964844,96.13999938964844,94.81999969482422,95.22000122070312,66.94718170166016,993700
2015-11-18,95.54000091552734,96.25,94.77999877929688,96.16999816894531,67.61511993408203,863800
2015-11-19,96.18000030517578,97.2699966430664,95.87999725341797,97.18000030517578,68.32520294189453,1278700
2015-11-20,97.55000305175781,98.31999969482422,96.91999816894531,97.62999725341797,68.64161682128906,2499000
2015-11-23,97.62999725341797,97.94000244140625,96.72000122070312,97.31999969482422,68.42364501953125,1155500
2015-11-24,96.47000122070312,96.66999816894531,95.27999877929688,96.16000366210938,67.60809326171875,1141600
2015-11-25,96.47000122070312,96.47000122070312,95.7300033569336,95.93000030517578,67.44638061523438,692700
2015-11-27,96.05999755859375,96.69000244140625,95.68000030517578,96.6500015258789,67.95259094238281,320700
2015-11-30,96.69999694824219,98.12000274658203,96.08000183105469,97.6500015258789,68.65567016601562,2125700
2015-12-01,98.19000244140625,98.4800033569336,97.12999725341797,97.8499984741211,68.7962875366211,1075900
2015-12-02,97.91999816894531,98.29000091552734,97.69999694824219,98.2300033569336,69.06346130371094,1291400
2015-12-03,98.48999786376953,98.48999786376953,94.94000244140625,95.43000030517578,67.0948257446289,2057300
2015-12-04,95.81999969482422,100.05999755859375,95.56999969482422,99.66999816894531,70.07588195800781,1992900
2015-12-07,99.5199966430664,100.08000183105469,98.4000015258789,99.54000091552734,69.98448944091797,1301900
2015-12-08,98.4800033569336,98.79000091552734,97.06999969482422,97.80999755859375,69.11534881591797,1138900
2015-12-09,96.48999786376953,97.19000244140625,92.79000091552734,94.05000305175781,66.45841979980469,2629400
2015-12-10,94.08000183105469,95.94999694824219,93.51000213623047,94.91999816894531,67.07320404052734,1377200
2015-12-11,93.36000061035156,94.27999877929688,91.62999725341797,92.1500015258789,65.1158218383789,1413100
2015-12-14,92.5999984741211,94.7699966430664,92.33000183105469,94.69000244140625,66.91065979003906,1909800
2015-12-15,95.4800033569336,96.83999633789062,95.11000061035156,95.1500015258789,67.23571014404297,1681500
2015-12-16,96.05999755859375,96.73999786376953,93.81999969482422,95.5199966430664,67.49715423583984,1763400
2015-12-17,95.7300033569336,96.0,93.81999969482422,94.97000122070312,67.10852813720703,2644400
2015-12-18,94.58999633789062,94.94999694824219,92.5199966430664,92.55000305175781,65.39847564697266,3013300
2015-12-21,93.13999938964844,93.52999877929688,91.61000061035156,92.44000244140625,65.32075500488281,1587400
2015-12-22,93.37999725341797,94.94000244140625,92.63999938964844,94.69000244140625,66.91065979003906,1663300
2015-12-23,92.80000305175781,92.98999786376953,90.16000366210938,90.98999786376953,66.32749938964844,2146300
2015-12-24,91.0999984741211,92.26000213623047,90.97000122070312,91.9000015258789,66.9908218383789,657800
2015-12-28,91.68000030517578,92.27999877929688,91.30999755859375,91.88999938964844,66.9835433959961,729400
2015-12-29,92.37000274658203,93.12999725341797,92.04000091552734,92.31999969482422,67.29700469970703,809000
2015-12-30,92.30000305175781,92.95999908447266,91.48999786376953,91.5199966430664,66.7138442993164,1076300
2015-12-31,90.95999908447266,92.0,90.56999969482422,90.5999984741211,66.0431900024414,986600
2016-01-04,88.80000305175781,89.1500015258789,87.7300033569336,88.66999816894531,64.63630676269531,2499900
2016-01-05,89.41000366210938,89.72000122070312,88.51000213623047,89.37000274658203,65.14656829833984,1582400
2016-01-06,88.37000274658203,89.8499984741211,88.0999984741211,88.93000030517578,64.82585144042969,1542300
2016-01-07,87.36000061035156,89.76000213623047,87.20999908447266,87.52999877929688,63.80533218383789,1976700
2016-01-08,88.36000061035156,88.36000061035156,86.12000274658203,86.2300033569336,62.85768127441406,1507100
2016-01-11,86.44999694824219,87.41999816894531,85.43000030517578,86.94999694824219,63.38253402709961,1916900
2016-01-12,87.69000244140625,87.76000213623047,86.43000030517578,87.25,63.60123062133789,1676600
2016-01-13,88.86000061035156,88.86000061035156,83.75,84.16999816894531,61.35603713989258,2620600
2016-01-14,84.62000274658203,85.33999633789062,83.9000015258789,84.69999694824219,61.74238204956055,2171800
2016-01-15,82.33000183105469,85.30999755859375,82.33000183105469,84.70999908447266,61.749671936035156,2584100
2016-01-19,85.95999908447266,86.7699966430664,85.16000366210938,86.11000061035156,62.770206451416016,2527800
2016-01-20,85.30000305175781,85.75,83.12000274658203,84.19999694824219,61.377899169921875,2948100
2016-01-21,84.48999786376953,85.23999786376953,81.87000274658203,81.98999786376953,59.76691818237305,4009600
2016-01-22,83.56999969482422,84.9000015258789,83.0,84.7699966430664,61.79338073730469,2101600
2016-01-25,84.58999633789062,85.87999725341797,84.5,84.63999938964844,61.69863510131836,1809200
2016-01-26,85.25,86.70999908447266,84.44999694824219,86.37000274658203,62.959747314453125,1392200
2016-01-27,86.12000274658203,88.05000305175781,85.94000244140625,86.72000122070312,63.21487045288086,1854600
2016-01-28,87.16999816894531,87.9000015258789,86.05999755859375,87.08999633789062,63.48457336425781,2107400
2016-01-29,87.61000061035156,89.94000244140625,87.04000091552734,89.8499984741211,65.49650573730469,2461700
2016-02-01,89.77999877929688,90.19999694824219,88.93000030517578,89.44000244140625,65.1976089477539,1368300
2016-02-02,88.4000015258789,89.79000091552734,88.08000183105469,89.11000061035156,64.9570541381836,1574400
2016-02-03,89.43000030517578,90.0,87.12999725341797,89.4000015258789,65.16844177246094,2072400
2016-02-04,89.27999877929688,89.62000274658203,85.47000122070312,86.33000183105469,62.93056106567383,3796800
2016-02-05,87.76000213623047,88.88999938964844,86.95999908447266,88.55000305175781,64.54885864257812,3014800
2016-02-08,88.41000366210938,90.66999816894531,87.0,90.19000244140625,65.74433135986328,2758100
2016-02-09,89.05000305175781,93.80999755859375,89.05000305175781,93.30999755859375,68.0186996459961,3233500
2016-02-10,93.02999877929688,93.48999786376953,90.44000244140625,90.52999877929688,65.99217224121094,2133700
2016-02-11,88.36000061035156,90.55000305175781,88.31999969482422,89.31999969482422,65.11013793945312,1952800
2016-02-12,90.91999816894531,91.29000091552734,89.51000213623047,91.1500015258789,66.44414520263672,1691200
2016-02-16,92.25,92.37000274658203,90.08999633789062,90.70999908447266,66.12339782714844,2395100
2016-02-17,91.68000030517578,92.19000244140625,90.20999908447266,92.1500015258789,67.17308044433594,2351100
2016-02-18,91.97000122070312,92.12999725341797,90.72000122070312,91.30000305175781,66.55347442626953,1401100
2016-02-19,91.43000030517578,93.87000274658203,90.80999755859375,93.31999969482422,68.02594757080078,1626400
2016-02-22,94.0,94.44999694824219,91.55000305175781,91.97000122070312,67.04183959960938,1549800
2016-02-23,92.04000091552734,93.38999938964844,91.20999908447266,91.9000015258789,66.9908218383789,1457600
2016-02-24,91.4800033569336,92.58999633789062,90.37000274658203,92.30000305175781,67.28241729736328,926100
2016-02-25,92.97000122070312,93.58999633789062,92.22000122070312,93.19000244140625,67.9311752319336,986000
2016-02-26,93.63999938964844,94.0,92.91000366210938,93.16999816894531,67.91661071777344,1192700
2016-02-29,92.44999694824219,93.48999786376953,91.33000183105469,91.44000244140625,66.65552520751953,1421300
2016-03-01,91.79000091552734,92.56999969482422,89.87000274658203,92.55999755859375,67.4719467163086,3469800
2016-03-02,92.98999786376953,93.87999725341797,92.55999755859375,93.30000305175781,68.01139068603516,1947600
2016-03-03,93.58000183105469,94.44000244140625,92.93000030517578,94.33999633789062,68.76950073242188,1291300
2016-03-04,94.7699966430664,95.0199966430664,92.93000030517578,94.80000305175781,69.10482025146484,1538100
2016-03-07,93.94999694824219,94.30999755859375,92.56999969482422,93.58000183105469,68.21549987792969,1299100
2016-03-08,92.12000274658203,94.2300033569336,92.06999969482422,93.29000091552734,68.44290161132812,1451500
2016-03-09,93.44999694824219,94.5,93.02999877929688,93.9000015258789,68.89044189453125,1326100
2016-03-10,94.44000244140625,94.44000244140625,92.5199966430664,93.7300033569336,68.76573944091797,1198500
2016-03-11,93.93000030517578,95.08000183105469,93.52999877929688,94.58999633789062,69.39665222167969,1437000
2016-03-14,94.66999816894531,96.80999755859375,94.22000122070312,96.38999938964844,70.71726989746094,2191400
2016-03-15,95.4000015258789,97.73999786376953,95.4000015258789,96.70999908447266,70.9520263671875,1824900
2016-03-16,96.08999633789062,96.94000244140625,95.79000091552734,96.37999725341797,70.70989990234375,1767000
2016-03-17,96.19000244140625,96.86000061035156,95.86000061035156,96.41999816894531,70.73926544189453,1798600
2016-03-18,96.66000366210938,96.72000122070312,95.11000061035156,95.94999694824219,70.39444732666016,3991100
2016-03-21,95.94999694824219,96.37999725341797,95.0,95.80000305175781,70.2844009399414,1356100
2016-03-22,95.77999877929688,96.06999969482422,95.05000305175781,95.58000183105469,70.12297821044922,1463100
2016-03-23,95.7699966430664,96.81999969482422,94.9000015258789,96.36000061035156,70.69525909423828,1348100
2016-03-24,96.19000244140625,96.19000244140625,94.41999816894531,95.16999816894531,69.82218933105469,1468900
2016-03-28,95.16999816894531,95.6500015258789,94.91000366210938,95.20999908447266,69.85154724121094,815500
2016-03-29,95.0,95.16000366210938,93.55000305175781,95.0,69.6974868774414,1351600
2016-03-30,95.62000274658203,95.94999694824219,95.13999938964844,95.56999969482422,70.11566162109375,951100
2016-03-31,95.69000244140625,96.37000274658203,95.52999877929688,96.05000305175781,70.4677734375,1202700
2016-04-01,95.81999969482422,97.08999633789062,95.55000305175781,96.94999694824219,71.12810516357422,1069700
2016-04-04,96.87000274658203,96.87000274658203,95.66000366210938,96.73999786376953,70.97403717041016,779300
2016-04-05,97.47000122070312,97.5199966430664,94.3499984741211,94.52999877929688,69.35263061523438,1563200
2016-04-06,94.22000122070312,94.69999694824219,93.76000213623047,94.37999725341797,69.24261474609375,1059200
2016-04-07,93.73999786376953,94.0199966430664,91.61000061035156,92.22000122070312,67.65791320800781,1488200
2016-04-08,90.0,90.05000305175781,89.0,89.08999633789062,65.36155700683594,6505300
2016-04-11,89.66999816894531,90.37999725341797,89.55999755859375,89.69999694824219,65.80907440185547,4378200
2016-04-12,89.98999786376953,90.37999725341797,89.45999908447266,90.05000305175781,66.06586456298828,3204400
2016-04-13,90.81999969482422,90.87999725341797,89.58000183105469,90.2699966430664,66.2272720336914,4799100
2016-04-14,90.58000183105469,91.29000091552734,90.0,90.97000122070312,66.74083709716797,2685200
2016-04-15,91.1500015258789,91.61000061035156,90.58999633789062,91.44000244140625,67.08563232421875,2418300
2016-04-18,91.38999938964844,91.77999877929688,91.0,91.4800033569336,67.114990234375,1554100
2016-04-19,91.36000061035156,92.62000274658203,91.0,92.62000274658203,67.95136260986328,1965500
2016-04-20,92.66999816894531,93.5,92.36000061035156,93.0999984741211,68.30349731445312,1954500
2016-04-21,93.06999969482422,93.33000183105469,92.58000183105469,93.05000305175781,68.266845703125,1856000
2016-04-22,93.05000305175781,94.62999725341797,92.70999908447266,94.19999694824219,69.11054229736328,2069600
2016-04-25,93.91000366210938,94.47000122070312,93.38999938964844,93.69999694824219,68.74370574951172,1296400
2016-04-26,94.12999725341797,94.31999969482422,93.41000366210938,94.12000274658203,69.05186462402344,1616800
2016-04-27,93.86000061035156,94.83000183105469,93.44000244140625,94.45999908447266,69.30130004882812,1618900
2016-04-28,92.68000030517578,93.80999755859375,91.75,92.33000183105469,67.7386245727539,2115100
2016-04-29,91.75,92.19000244140625,90.69000244140625,91.91000366210938,67.43047332763672,1812500
2016-05-02,92.5999984741211,93.69999694824219,92.19000244140625,93.62000274658203,68.68500518798828,1730000
2016-05-03,93.20999908447266,93.66000366210938,92.0,92.83000183105469,68.10543823242188,1094100
2016-05-04,92.36000061035156,92.94000244140625,92.12999725341797,92.31999969482422,67.73126220703125,1987200
2016-05-05,92.75,93.31999969482422,92.22000122070312,92.93000030517578,68.17880249023438,1593400
2016-05-06,92.33999633789062,92.98999786376953,92.13999938964844,92.87999725341797,68.14212799072266,1369900
2016-05-09,92.91999816894531,94.19999694824219,92.68000030517578,94.0,68.96382141113281,1481400
2016-05-10,93.91999816894531,94.80999755859375,93.86000061035156,94.73999786376953,69.50672149658203,1389600
2016-05-11,94.37999725341797,94.69000244140625,93.23999786376953,93.68000030517578,68.72904205322266,1320000
2016-05-12,93.9800033569336,95.3499984741211,93.83999633789062,95.0999984741211,69.7708511352539,1037700
2016-05-13,95.0,95.55999755859375,94.29000091552734,94.33000183105469,69.2059326171875,985800
2016-05-16,94.1500015258789,95.31999969482422,94.0,95.04000091552734,69.7268295288086,987100
2016-05-17,94.94000244140625,95.48999786376953,94.23999786376953,94.44000244140625,69.28662109375,1179900
2016-05-18,94.5,96.83000183105469,94.16999816894531,96.79000091552734,71.01071166992188,1742600
2016-05-19,96.5,97.22000122070312,95.66999816894531,95.77999877929688,70.26972961425781,1358900
2016-05-20,95.9000015258789,96.9000015258789,95.58000183105469,96.44999694824219,70.76126098632812,1060200
2016-05-23,96.69999694824219,96.91999816894531,96.12000274658203,96.62999725341797,70.89331817626953,845500
2016-05-24,96.94999694824219,98.04000091552734,96.33999633789062,97.94999694824219,71.86177062988281,1225200
2016-05-25,98.0999984741211,98.5,97.33999633789062,97.72000122070312,71.6930160522461,1584500
2016-05-26,96.44000244140625,97.88999938964844,96.44000244140625,97.47000122070312,71.50960540771484,1156300
2016-05-27,97.97000122070312,98.75,97.5999984741211,98.61000061035156,72.3459701538086,855500
2016-05-31,98.62000274658203,99.0,97.54000091552734,97.88999938964844,71.81775665283203,2152500
2016-06-01,97.79000091552734,98.2300033569336,97.45999908447266,98.01000213623047,71.90577697753906,1282200
2016-06-02,98.05999755859375,98.2300033569336,97.08999633789062,97.54000091552734,71.56096649169922,910400
2016-06-03,97.20999908447266,97.41999816894531,95.91000366210938,96.80999755859375,71.025390625,1334600
2016-06-06,96.72000122070312,96.9800033569336,96.08999633789062,96.77999877929688,71.00340270996094,1180300
2016-06-07,97.0199966430664,97.0199966430664,95.98999786376953,96.04000091552734,70.4604721069336,882700
2016-06-08,95.25,95.86000061035156,95.23999786376953,95.38999938964844,70.42354583740234,938900
2016-06-09,95.33999633789062,95.3499984741211,94.61000061035156,95.02999877929688,70.15778350830078,1059000
2016-06-10,94.48999786376953,95.55000305175781,94.48999786376953,95.2300033569336,70.3054428100586,1258100
2016-06-13,94.94999694824219,95.81999969482422,94.58999633789062,95.26000213623047,70.32760620117188,1151900
2016-06-14,94.94999694824219,95.41000366210938,94.55000305175781,94.81999969482422,70.00277709960938,1127900
2016-06-15,94.91999816894531,95.20999908447266,94.04000091552734,94.18000030517578,69.53025817871094,1064000
2016-06-16,93.83000183105469,95.26000213623047,93.5,95.16000366210938,70.25376892089844,1774100
2016-06-17,95.16000366210938,95.4800033569336,93.91999816894531,94.08999633789062,69.46380615234375,1497200
2016-06-20,95.1500015258789,95.5999984741211,94.0,94.02999877929688,69.4195327758789,1294100
2016-06-21,94.41000366210938,94.75,93.48999786376953,93.48999786376953,69.02086639404297,1761800
2016-06-22,93.80999755859375,94.3499984741211,93.37999725341797,94.05000305175781,69.43428802490234,1079300
2016-06-23,94.7699966430664,96.22000122070312,94.23999786376953,96.16000366210938,70.99201965332031,1561200
2016-06-24,95.0,97.8499984741211,94.61000061035156,96.91999816894531,71.5531234741211,5442300
2016-06-27,96.12999725341797,96.9000015258789,92.41999816894531,92.97000122070312,68.6369400024414,3802800
2016-06-28,93.19999694824219,94.23999786376953,92.29000091552734,94.22000122070312,69.55977630615234,1687400
2016-06-29,94.58999633789062,96.16999816894531,94.5,96.08999633789062,70.94035339355469,1159400
2016-06-30,96.55000305175781,97.47000122070312,95.9000015258789,97.4000015258789,71.90748596191406,2420500
2016-07-01,97.01000213623047,97.55999755859375,96.01000213623047,96.33000183105469,71.11753845214844,1564200
2016-07-05,96.33000183105469,97.98999786376953,95.5999984741211,97.87999725341797,72.2618637084961,2118800
2016-07-06,97.94999694824219,98.41999816894531,97.61000061035156,98.12000274658203,72.43904113769531,1174700
2016-07-07,98.13999938964844,98.79000091552734,97.29000091552734,98.1500015258789,72.46118927001953,1190300
2016-07-08,98.6500015258789,99.70999908447266,98.41000366210938,98.9000015258789,73.014892578125,1469700
2016-07-11,99.47000122070312,99.61000061035156,98.80000305175781,99.36000061035156,73.35450744628906,1228200
2016-07-12,100.0,100.22000122070312,99.43000030517578,99.76000213623047,73.6498031616211,1273100
2016-07-13,99.79000091552734,99.93000030517578,99.2300033569336,99.69000244140625,73.5981216430664,1004800
2016-07-14,100.69999694824219,101.37000274658203,100.23999786376953,101.29000091552734,74.77935791015625,1256800
2016-07-15,101.66999816894531,102.27999877929688,100.86000061035156,101.83000183105469,75.17800903320312,1813400
2016-07-18,101.66999816894531,102.27999877929688,101.27999877929688,101.5,74.93439483642578,724200
2016-07-19,100.98999786376953,102.43000030517578,100.5999984741211,102.29000091552734,75.51763153076172,1017600
2016-07-20,102.62999725341797,102.62999725341797,101.4800033569336,101.4800033569336,74.91960906982422,1248900
2016-07-21,101.44000244140625,101.72000122070312,100.68000030517578,101.02999877929688,74.58740234375,733000
2016-07-22,101.30000305175781,102.12000274658203,100.26000213623047,101.79000091552734,75.14849090576172,873400
2016-07-25,101.38999938964844,101.66999816894531,100.91999816894531,101.55999755859375,74.97867584228516,898100
2016-07-26,101.41999816894531,101.70999908447266,101.02999877929688,101.5,74.93439483642578,855500
2016-07-27,101.83000183105469,102.83999633789062,101.30000305175781,102.72000122070312,75.83507537841797,1336100
2016-07-28,101.5,102.20999908447266,100.55999755859375,101.94000244140625,75.25923156738281,1477800
2016-07-29,102.2300033569336,103.33999633789062,101.70999908447266,102.23999786376953,75.4806900024414,1658700
2016-08-01,102.58000183105469,103.22000122070312,102.30000305175781,103.08999633789062,76.10823822021484,1192800
2016-08-02,103.16999816894531,103.43000030517578,102.66000366210938,103.29000091552734,76.2558822631836,1132400
2016-08-03,103.05000305175781,103.91000366210938,102.44000244140625,103.2699966430664,76.24111938476562,2073900
2016-08-04,103.5,103.69000244140625,102.52999877929688,103.36000061035156,76.30756378173828,988100
2016-08-05,103.75,104.5999984741211,103.16999816894531,104.55000305175781,77.1861343383789,1239600
2016-08-08,104.55000305175781,104.58000183105469,103.73999786376953,104.18000030517578,76.91295623779297,1113900
2016-08-09,104.20999908447266,104.44999694824219,103.45999908447266,103.7699966430664,76.61026763916016,708100
2016-08-10,103.73999786376953,103.83000183105469,103.2300033569336,103.73999786376953,76.58812713623047,579700
2016-08-11,103.70999908447266,103.70999908447266,102.83999633789062,103.31999969482422,76.2780532836914,1175000
2016-08-12,102.94000244140625,103.86000061035156,102.86000061035156,103.80999755859375,76.6397933959961,834600
2016-08-15,103.88999938964844,104.94000244140625,103.55999755859375,104.91000366210938,77.451904296875,1169700
2016-08-16,104.5,104.5,103.81999969482422,103.9800033569336,76.76529693603516,684200
2016-08-17,103.9800033569336,105.81999969482422,103.91999816894531,105.80999755859375,78.11631774902344,1212500
2016-08-18,105.87000274658203,106.33000183105469,105.7699966430664,106.33000183105469,78.50022888183594,940900
2016-08-19,106.26000213623047,106.36000061035156,105.44000244140625,105.9000015258789,78.18279266357422,938400
2016-08-22,105.63999938964844,106.45999908447266,105.29000091552734,105.79000091552734,78.10157012939453,970700
2016-08-23,106.0199966430664,106.30999755859375,105.76000213623047,106.02999877929688,78.27873992919922,671300
2016-08-24,105.80000305175781,106.13999938964844,105.38999938964844,105.81999969482422,78.12371826171875,703000
2016-08-25,105.7300033569336,105.9000015258789,105.0199966430664,105.62000274658203,77.97605895996094,972200
2016-08-26,105.88999938964844,106.20999908447266,105.1500015258789,105.87999725341797,78.16799926757812,1152400
2016-08-29,105.80000305175781,108.75,105.80000305175781,107.3499984741211,79.2532730102539,1580700
2016-08-30,107.16000366210938,107.83999633789062,106.30999755859375,107.83999633789062,79.61503601074219,1307700
2016-08-31,107.91999816894531,109.62000274658203,107.80000305175781,108.3499984741211,79.99153900146484,2156700
2016-09-01,108.52999877929688,109.6500015258789,108.22000122070312,108.69999694824219,80.24993896484375,1593800
2016-09-02,109.06999969482422,109.5199966430664,108.05999755859375,108.51000213623047,80.10964965820312,1166000
2016-09-06,108.47000122070312,108.72000122070312,107.01000213623047,107.69999694824219,79.51166534423828,1258500
2016-09-07,106.9000015258789,107.16000366210938,105.52999877929688,106.80999755859375,79.29637145996094,1103100
2016-09-08,106.38999938964844,106.94999694824219,106.30999755859375,106.4800033569336,79.0513687133789,899900
2016-09-09,106.04000091552734,107.66999816894531,106.0,106.05000305175781,78.7321548461914,1476500
2016-09-12,105.87000274658203,108.37000274658203,105.62000274658203,108.18000030517578,80.31346130371094,1615800
2016-09-13,107.37999725341797,108.30000305175781,106.91000366210938,107.77999877929688,80.01651763916016,1629700
2016-09-14,107.94999694824219,108.2300033569336,107.37000274658203,107.55000305175781,79.84574127197266,1652700
2016-09-15,107.45999908447266,109.58000183105469,107.45999908447266,109.27999877929688,81.13011169433594,1143200
2016-09-16,109.01000213623047,109.80000305175781,108.37000274658203,109.6500015258789,81.40476989746094,2220900
2016-09-19,109.94999694824219,110.3499984741211,109.68000030517578,109.76000213623047,81.4864730834961,1157400
2016-09-20,109.9000015258789,110.33999633789062,108.94000244140625,108.94000244140625,80.87770080566406,1211300
2016-09-21,108.9800033569336,109.6500015258789,108.22000122070312,108.91000366210938,80.85541534423828,1830400
2016-09-22,109.31999969482422,109.44000244140625,108.26000213623047,108.41999816894531,80.4916000366211,1151000
2016-09-23,108.01000213623047,108.22000122070312,106.36000061035156,106.48999786376953,79.05878448486328,1787500
2016-09-26,106.18000030517578,106.18000030517578,105.02999877929688,105.2699966430664,78.153076171875,1373700
2016-09-27,105.5199966430664,106.25,105.04000091552734,105.70999908447266,78.47972106933594,1506300
2016-09-28,105.55999755859375,106.41000366210938,104.73999786376953,106.31999969482422,78.93257904052734,1697400
2016-09-29,106.01000213623047,106.56999969482422,104.19999694824219,104.72000122070312,77.74473571777344,2987800
2016-09-30,105.5,105.58000183105469,104.2699966430664,104.5199966430664,77.59627532958984,2069700
2016-10-03,104.08999633789062,104.77999877929688,103.76000213623047,104.06999969482422,77.26219940185547,1077400
2016-10-04,104.30999755859375,104.70999908447266,103.08999633789062,103.93000030517578,77.15823364257812,1422100
2016-10-05,104.2300033569336,104.47000122070312,103.19000244140625,104.05999755859375,77.2547378540039,1466500
2016-10-06,104.0,104.52999877929688,103.72000122070312,104.19000244140625,77.35125732421875,1308700
2016-10-07,103.94999694824219,104.33000183105469,103.43000030517578,103.81999969482422,77.07654571533203,843300
2016-10-10,104.25,104.5999984741211,103.7699966430664,104.11000061035156,77.2918701171875,1087900
2016-10-11,104.12000274658203,104.47000122070312,103.63999938964844,103.93000030517578,77.15823364257812,1334400
2016-10-12,103.73999786376953,104.58000183105469,103.58999633789062,104.2699966430664,77.41065216064453,937600
2016-10-13,103.62999725341797,104.22000122070312,103.23999786376953,103.91999816894531,77.15083312988281,977000
2016-10-14,104.27999877929688,105.6500015258789,104.0199966430664,105.44000244140625,78.27926635742188,1313800
2016-10-17,105.54000091552734,105.54000091552734,103.62000274658203,103.7300033569336,77.00975799560547,884800
2016-10-18,104.18000030517578,104.62999725341797,103.5,104.08999633789062,77.27701568603516,637900
2016-10-19,104.0,104.41000366210938,103.54000091552734,103.93000030517578,77.15823364257812,584700
2016-10-20,103.83000183105469,104.26000213623047,103.6500015258789,103.6500015258789,76.95036315917969,931400
2016-10-21,103.12999725341797,104.22000122070312,103.01000213623047,104.08999633789062,77.27701568603516,976200
2016-10-24,104.44999694824219,104.5,103.47000122070312,103.54000091552734,76.86868286132812,1052500
2016-10-25,103.1500015258789,104.01000213623047,103.1500015258789,103.33000183105469,76.71279907226562,994900
2016-10-26,102.98999786376953,103.7699966430664,102.41999816894531,102.83999633789062,76.34900665283203,1663600
2016-10-27,100.63999938964844,101.41999816894531,99.19000244140625,100.12000274658203,74.32965087890625,2403500
2016-10-28,100.12000274658203,100.70999908447266,99.18000030517578,99.91000366210938,74.17376708984375,1100700
2016-10-31,100.20999908447266,100.66000366210938,99.51000213623047,100.0999984741211,74.31481170654297,1146100
2016-11-01,100.52999877929688,100.68000030517578,98.94999694824219,99.63999938964844,73.97331237792969,1430700
2016-11-02,99.73999786376953,101.6500015258789,99.58000183105469,101.19000244140625,75.12406158447266,1470400
2016-11-03,104.05999755859375,104.12999725341797,101.68000030517578,103.01000213623047,76.47523498535156,2910300
2016-11-04,103.04000091552734,103.77999877929688,102.05999755859375,102.8499984741211,76.35643005371094,2170400
2016-11-07,104.27999877929688,104.86000061035156,103.38999938964844,104.80000305175781,77.80411529541016,1899900
2016-11-08,104.83000183105469,105.95999908447266,103.72000122070312,105.62999725341797,78.42033386230469,1563200
2016-11-09,106.51000213623047,112.91999816894531,106.51000213623047,112.0,83.14945983886719,4217700
2016-11-10,113.0,117.80000305175781,112.70999908447266,117.05000305175781,86.89862060546875,5024800
2016-11-11,116.83999633789062,117.4000015258789,113.55000305175781,114.37999725341797,84.9163818359375,2972500
2016-11-14,114.30999755859375,116.13999938964844,113.5,115.81999969482422,85.98544311523438,2571200
2016-11-15,115.54000091552734,116.12000274658203,113.95999908447266,116.06999969482422,86.17105102539062,2430100
2016-11-16,115.87000274658203,116.9800033569336,114.01000213623047,115.08999633789062,85.4434585571289,2917600
2016-11-17,115.19999694824219,116.12000274658203,114.4800033569336,115.5,85.74787139892578,2067600
2016-11-18,115.72000122070312,115.7300033569336,113.81999969482422,113.93000030517578,84.58226776123047,2891800
2016-11-21,113.63999938964844,114.45999908447266,113.06999969482422,114.2300033569336,84.80501556396484,1749400
2016-11-22,114.51000213623047,115.30999755859375,112.26000213623047,112.29000091552734,83.36474609375,2014500
2016-11-23,112.38999938964844,113.22000122070312,111.91999816894531,112.58999633789062,83.58746337890625,1231100
2016-11-25,112.38999938964844,112.87000274658203,112.0199966430664,112.83999633789062,83.77307891845703,690700
2016-11-28,111.7699966430664,112.41999816894531,111.19000244140625,111.87999725341797,83.06037139892578,1381600
2016-11-29,112.16999816894531,112.98999786376953,111.54000091552734,112.66999816894531,83.64686584472656,957300
2016-11-30,113.54000091552734,113.55000305175781,112.58000183105469,112.91000366210938,83.8250503540039,2039300
2016-12-01,113.58999633789062,115.30999755859375,113.0,114.91999816894531,85.31726837158203,1845700
2016-12-02,115.44000244140625,116.29000091552734,114.79000091552734,115.63999938964844,85.85179901123047,1643600
2016-12-05,117.0,117.95999908447266,116.30000305175781,117.91000366210938,87.53705596923828,2147800
2016-12-06,117.79000091552734,119.37999725341797,116.83999633789062,119.0999984741211,88.42054748535156,1812000
2016-12-07,119.08000183105469,121.30000305175781,117.25,120.8499984741211,90.17401123046875,2397800
2016-12-08,121.33000183105469,122.33000183105469,120.13999938964844,122.29000091552734,91.24848937988281,2799700
2016-12-09,122.41000366210938,122.73999786376953,121.69999694824219,122.73999786376953,91.58427429199219,1344800
2016-12-12,122.61000061035156,123.94999694824219,122.47000122070312,122.58999633789062,91.47235107421875,1457500
2016-12-13,122.97000122070312,124.01000213623047,122.44000244140625,123.43000030517578,92.09912872314453,1426800
2016-12-14,122.98999786376953,123.75,121.12000274658203,121.61000061035156,90.74111938476562,2000300
2016-12-15,122.05999755859375,122.94000244140625,120.76000213623047,122.33000183105469,91.2783203125,1169900
2016-12-16,122.68000030517578,123.23999786376953,122.05000305175781,122.66000366210938,91.52459716796875,2279000
2016-12-19,122.04000091552734,122.86000061035156,121.76000213623047,122.41000366210938,91.33802795410156,1130200
2016-12-20,123.27999877929688,123.30000305175781,122.0,122.41999816894531,91.34551239013672,1219500
2016-12-21,122.45999908447266,122.47000122070312,121.16999816894531,121.19000244140625,90.4277114868164,1177900
2016-12-22,121.31999969482422,121.31999969482422,119.93000030517578,120.69000244140625,90.05461120605469,3096800
2016-12-23,117.20999908447266,117.33000183105469,115.69999694824219,116.91999816894531,89.6559066772461,1810000
2016-12-27,116.87999725341797,117.19999694824219,116.4800033569336,116.69000244140625,89.47952270507812,1019200
2016-12-28,116.77999877929688,117.2300033569336,115.79000091552734,115.95999908447266,88.91974639892578,910000
2016-12-29,115.87999725341797,116.31999969482422,115.19000244140625,115.58999633789062,88.63602447509766,909400
2016-12-30,116.06999969482422,116.4800033569336,114.9000015258789,115.3499984741211,88.4520034790039,898300
2017-01-03,116.16000366210938,116.27999877929688,113.2699966430664,114.4000015258789,87.72354125976562,2159200
2017-01-04,114.83000183105469,116.45999908447266,114.66000366210938,115.5199966430664,88.58234405517578,2400800
2017-01-05,115.5,116.91000366210938,114.9000015258789,115.91999816894531,88.88906860351562,1689400
2017-01-06,116.05999755859375,117.31999969482422,115.80999755859375,117.19000244140625,89.8629379272461,1229400
2017-01-09,116.7699966430664,117.27999877929688,116.29000091552734,116.33000183105469,89.20346069335938,963000
2017-01-10,116.93000030517578,116.93000030517578,115.69999694824219,116.30000305175781,89.18045806884766,1061900
2017-01-11,116.33999633789062,116.58999633789062,114.55999755859375,115.9000015258789,88.87374877929688,2238800
2017-01-12,115.75,116.5999984741211,113.9000015258789,116.43000030517578,89.28013610839844,1243600
2017-01-13,117.0,117.5,116.3499984741211,116.87000274658203,89.61756896972656,1057800
2017-01-17,116.83999633789062,116.83999633789062,115.51000213623047,115.69000244140625,88.71271514892578,1197200
2017-01-18,116.0999984741211,117.3499984741211,115.01000213623047,117.25,89.90894317626953,1449100
2017-01-19,117.20999908447266,117.4000015258789,115.97000122070312,116.36000061035156,89.2264633178711,1191800
2017-01-20,116.62000274658203,116.93000030517578,115.77999877929688,116.66000366210938,89.45651245117188,1175900
2017-01-23,116.30000305175781,116.9800033569336,115.69000244140625,116.23999786376953,89.13443756103516,800200
2017-01-24,116.38999938964844,117.66999816894531,116.38999938964844,117.44000244140625,90.05461120605469,1047400
2017-01-25,118.2300033569336,120.36000061035156,117.79000091552734,120.1500015258789,92.13269805908203,1886900
2017-01-26,120.0,121.08000183105469,119.04000091552734,120.73999786376953,92.58512115478516,1472600
2017-01-27,120.77999877929688,120.80999755859375,119.88999938964844,120.30999755859375,92.25540924072266,1065100
2017-01-30,119.83000183105469,120.55000305175781,119.19000244140625,120.44000244140625,92.3550796508789,1196200
2017-01-31,120.26000213623047,121.69000244140625,120.19999694824219,121.08000183105469,92.84584045410156,2246800
2017-02-01,121.5,122.27999877929688,120.8499984741211,120.9000015258789,92.70780181884766,2795600
2017-02-02,120.51000213623047,123.55000305175781,118.62000274658203,121.26000213623047,92.9838638305664,2059300
2017-02-03,121.73999786376953,122.06999969482422,119.3499984741211,119.94999694824219,91.97935485839844,1648200
2017-02-06,119.5,119.9000015258789,119.05000305175781,119.80999755859375,91.87198638916016,1120000
2017-02-07,120.26000213623047,120.4000015258789,118.66000366210938,118.7300033569336,91.04383850097656,1672600
2017-02-08,118.36000061035156,118.5199966430664,115.5999984741211,116.56999969482422,89.38751983642578,2019100
2017-02-09,116.94000244140625,119.02999877929688,116.18000030517578,118.58000183105469,90.92881774902344,1525400
2017-02-10,118.94000244140625,119.44999694824219,118.51000213623047,118.9800033569336,91.23551177978516,1130100
2017-02-13,119.6500015258789,121.9000015258789,119.44999694824219,121.37999725341797,93.07588958740234,1481100
2017-02-14,121.44000244140625,121.5999984741211,120.25,121.01000213623047,92.79217529296875,1208100
2017-02-15,121.4800033569336,122.66999816894531,120.55999755859375,122.11000061035156,93.63565826416016,1234000
2017-02-16,122.11000061035156,122.55999755859375,120.86000061035156,121.83000183105469,93.42094421386719,1180600
2017-02-17,121.5999984741211,122.7699966430664,121.01000213623047,122.62000274658203,94.02674865722656,2038500
2017-02-21,122.41000366210938,123.4000015258789,120.87000274658203,121.05000305175781,92.82284545898438,1385700
2017-02-22,121.62999725341797,123.31999969482422,121.5,122.51000213623047,93.94236755371094,2270300
2017-02-23,122.58000183105469,123.5,121.58000183105469,122.5199966430664,93.95006561279297,1399200
2017-02-24,122.08000183105469,123.01000213623047,121.61000061035156,122.62000274658203,94.02674865722656,1686200
2017-02-27,122.62000274658203,123.30000305175781,121.0,122.83000183105469,94.18775177001953,1279100
2017-02-28,122.45999908447266,122.75,121.30000305175781,121.45999908447266,93.13720703125,1881200
2017-03-01,123.01000213623047,127.5999984741211,122.66999816894531,127.0,97.3853759765625,2336300
2017-03-02,127.25,127.38999938964844,124.12999725341797,124.23999786376953,95.26895141601562,1665700
2017-03-03,124.33999633789062,124.72000122070312,123.55000305175781,124.05000305175781,95.12326049804688,1096900
2017-03-06,123.44999694824219,124.52999877929688,123.04000091552734,124.05000305175781,95.12326049804688,1393500
2017-03-07,123.70999908447266,124.04000091552734,123.19999694824219,123.55999755859375,94.7475357055664,1362900
2017-03-08,123.87999725341797,124.44999694824219,123.16000366210938,123.19999694824219,94.97881317138672,1223200
2017-03-09,123.36000061035156,124.19000244140625,123.01000213623047,123.80999755859375,95.44908905029297,1359700
2017-03-10,124.23999786376953,124.69000244140625,122.79000091552734,123.7300033569336,95.38740539550781,1414100
2017-03-13,124.13999938964844,125.16000366210938,123.70999908447266,124.83000183105469,96.23541259765625,1893600
2017-03-14,124.26000213623047,125.13999938964844,123.58999633789062,124.44999694824219,95.94247436523438,1319700
2017-03-15,125.1500015258789,125.1500015258789,124.06999969482422,124.73999786376953,96.1660385131836,1272000
2017-03-16,125.31999969482422,125.48999786376953,124.20999908447266,124.73999786376953,96.1660385131836,1138600
2017-03-17,125.0,125.5999984741211,124.29000091552734,124.58999633789062,96.0503921508789,2756400
2017-03-20,124.06999969482422,124.93000030517578,123.6500015258789,123.93000030517578,95.54159545898438,1178200
2017-03-21,124.43000030517578,124.87000274658203,120.16000366210938,120.27999877929688,92.72769165039062,2522000
2017-03-22,120.37999725341797,120.81999969482422,118.79000091552734,119.33000183105469,91.99531555175781,2408000
2017-03-23,119.36000061035156,120.52999877929688,118.97000122070312,119.19000244140625,91.88739013671875,1844000
2017-03-24,119.5999984741211,120.41000366210938,119.02999877929688,119.87999725341797,92.4193115234375,1462000
2017-03-27,118.63999938964844,119.19000244140625,117.56999969482422,118.23999786376953,91.15499877929688,1358800
2017-03-28,117.69000244140625,119.47000122070312,117.0999984741211,118.81999969482422,91.60212707519531,1769600
2017-03-29,118.51000213623047,118.87000274658203,117.80000305175781,118.5,91.35543060302734,921200
2017-03-30,118.0,118.94000244140625,117.41000366210938,118.8499984741211,91.62525939941406,1577500
2017-03-31,119.2300033569336,120.0999984741211,118.52999877929688,118.80000305175781,91.58673095703125,1753400
2017-04-03,118.81999969482422,119.38999938964844,116.16999816894531,117.5,90.58448791503906,2447400
2017-04-04,117.38999938964844,118.2300033569336,116.83000183105469,117.2699966430664,90.40717315673828,1669100
2017-04-05,117.77999877929688,119.2699966430664,117.27999877929688,117.55000305175781,90.62306213378906,1539000
2017-04-06,117.66999816894531,118.44000244140625,117.06999969482422,117.80999755859375,90.82349395751953,938300
2017-04-07,117.01000213623047,118.47000122070312,117.01000213623047,117.98999786376953,90.96224975585938,1203300
2017-04-10,117.8499984741211,118.52999877929688,117.0,117.08999633789062,90.26840209960938,1006500
2017-04-11,116.94999694824219,117.18000030517578,116.0199966430664,117.06999969482422,90.25299072265625,1285000
2017-04-12,116.58000183105469,117.36000061035156,116.2300033569336,116.62000274658203,89.90606689453125,1608500
2017-04-13,116.55000305175781,116.97000122070312,115.81999969482422,115.87000274658203,89.32788848876953,971100
2017-04-17,116.33000183105469,117.52999877929688,115.37000274658203,117.44000244140625,90.5382308959961,936900
2017-04-18,116.97000122070312,117.54000091552734,116.20999908447266,117.0999984741211,90.27613067626953,848600
2017-04-19,117.5999984741211,118.02999877929688,116.98999786376953,117.16999816894531,90.33008575439453,1033200
2017-04-20,117.88999938964844,119.2699966430664,117.16999816894531,119.11000061035156,91.8257064819336,1217200
2017-04-21,119.0,119.5,118.30000305175781,118.7699966430664,91.56356811523438,1301800
2017-04-24,120.66000366210938,120.79000091552734,119.44000244140625,119.76000213623047,92.3268051147461,1094300
2017-04-25,120.2300033569336,120.69000244140625,119.41999816894531,119.94000244140625,92.465576171875,1627300
2017-04-26,120.0,120.7300033569336,119.29000091552734,120.04000091552734,92.54267120361328,1252500
2017-04-27,118.25,118.25,114.81999969482422,115.12000274658203,88.74967956542969,4256600
2017-04-28,115.29000091552734,116.33999633789062,115.11000061035156,116.19000244140625,89.57457733154297,1904600
2017-05-01,116.55000305175781,117.06999969482422,116.12999725341797,116.63999938964844,89.92150115966797,1375300
2017-05-02,116.76000213623047,117.61000061035156,116.4800033569336,117.26000213623047,90.39949798583984,1219600
2017-05-03,117.30999755859375,118.9800033569336,116.93000030517578,118.02999877929688,90.99307250976562,1825400
2017-05-04,118.86000061035156,119.18000030517578,117.79000091552734,118.63999938964844,91.46337127685547,1727300
2017-05-05,119.04000091552734,119.04000091552734,117.80999755859375,118.76000213623047,91.55585479736328,1291000
2017-05-08,118.51000213623047,118.94000244140625,116.68000030517578,117.0999984741211,90.27613067626953,1773200
2017-05-09,116.83000183105469,118.29000091552734,116.55000305175781,117.63999938964844,90.69243621826172,1696900
2017-05-10,117.5,117.76000213623047,116.16999816894531,117.05000305175781,90.23759460449219,1199100
2017-05-11,116.75,117.16999816894531,115.3499984741211,116.79000091552734,90.03712463378906,1146900
2017-05-12,116.56999969482422,116.9800033569336,116.08000183105469,116.16999816894531,89.55916595458984,1140500
2017-05-15,116.30999755859375,117.97000122070312,116.25,117.25,90.39178466796875,1568900
2017-05-16,117.25,117.66999816894531,116.58000183105469,116.68000030517578,89.95234680175781,1185200
2017-05-17,115.80999755859375,116.25,114.87999725341797,115.12000274658203,88.74967956542969,1580300
2017-05-18,115.41000366210938,116.41000366210938,115.23999786376953,115.76000213623047,89.24310302734375,1486800
2017-05-19,116.08999633789062,117.0,115.43000030517578,116.83000183105469,90.0679702758789,2711500
2017-05-22,117.37000274658203,117.4800033569336,116.41000366210938,116.91000366210938,90.1296615600586,1257700
2017-05-23,117.0,118.4800033569336,116.3499984741211,118.19999694824219,91.12416076660156,1026100
2017-05-24,118.2300033569336,118.41999816894531,117.43000030517578,117.7699966430664,90.79265594482422,975900
2017-05-25,117.70999908447266,118.38999938964844,117.30999755859375,118.06999969482422,91.02391052246094,1151600
2017-05-26,118.18000030517578,118.44000244140625,117.55999755859375,117.9800033569336,90.95454406738281,720700
2017-05-30,117.41999816894531,117.80999755859375,116.66999816894531,117.19999694824219,90.35322570800781,930600
2017-05-31,117.5,117.5,116.55000305175781,117.29000091552734,90.422607421875,1378800
2017-06-01,117.52999877929688,117.81999969482422,116.80999755859375,117.81999969482422,90.8311996459961,1078600
2017-06-02,117.62000274658203,118.05000305175781,116.62000274658203,116.93000030517578,90.14508819580078,1119800
2017-06-05,116.62999725341797,118.5999984741211,116.62999725341797,118.19000244140625,91.11642456054688,1159200
2017-06-06,118.02999877929688,118.12999725341797,116.81999969482422,117.22000122070312,90.36865234375,1090200
2017-06-07,116.76000213623047,119.9800033569336,116.76000213623047,119.41000366210938,92.57823181152344,1522600
2017-06-08,119.97000122070312,122.5,119.66000366210938,122.29000091552734,94.81110382080078,2041700
2017-06-09,121.93000030517578,124.44000244140625,121.5999984741211,124.38999938964844,96.43922424316406,1823200
2017-06-12,124.41999816894531,125.94000244140625,124.36000061035156,125.58999633789062,97.36955261230469,2344100
2017-06-13,125.80000305175781,126.44999694824219,125.58000183105469,126.06999969482422,97.74172973632812,2221500
2017-06-14,125.55000305175781,127.66000366210938,125.11000061035156,127.31999969482422,98.7108154296875,1587500
2017-06-15,126.5,126.9000015258789,126.13999938964844,126.77999877929688,98.29217529296875,1381600
2017-06-16,126.58000183105469,127.16000366210938,123.4000015258789,126.18000030517578,97.8270034790039,1585200
2017-06-19,126.20999908447266,127.73999786376953,126.20999908447266,127.44000244140625,98.80386352539062,795200
2017-06-20,127.44999694824219,127.44999694824219,125.79000091552734,126.06999969482422,97.74172973632812,1330800
2017-06-21,126.70999908447266,126.70999908447266,124.48999786376953,124.9000015258789,96.83460235595703,1595000
2017-06-22,124.5,124.86000061035156,123.87999725341797,124.05999755859375,96.18336486816406,871500
2017-06-23,124.37999725341797,124.77999877929688,123.83999633789062,124.12000274658203,96.2298812866211,1085600
2017-06-26,124.16999816894531,124.61000061035156,123.0999984741211,123.6500015258789,95.86549377441406,865700
2017-06-27,123.9800033569336,124.9800033569336,123.37000274658203,124.62000274658203,96.61754608154297,1208200
2017-06-28,125.33000183105469,127.0999984741211,125.05000305175781,126.7699966430664,98.28441619873047,989000
2017-06-29,127.69999694824219,127.95999908447266,124.37000274658203,125.04000091552734,96.94314575195312,1106600
2017-06-30,125.44000244140625,125.63999938964844,124.7300033569336,125.23999786376953,97.09822845458984,1053800
2017-07-03,125.33000183105469,127.36000061035156,125.33000183105469,126.30000305175781,97.9200210571289,611400
2017-07-05,126.19999694824219,126.58000183105469,125.06999969482422,125.94999694824219,97.648681640625,1025600
2017-07-06,125.94999694824219,126.56999969482422,123.66999816894531,123.69000244140625,95.89649963378906,1426800
2017-07-07,124.38999938964844,125.22000122070312,122.9000015258789,124.83000183105469,96.78034973144531,1150600
2017-07-10,124.5,125.12999725341797,124.05999755859375,124.11000061035156,96.2221450805664,958900
2017-07-11,124.11000061035156,124.68000030517578,122.97000122070312,123.16000366210938,95.48560333251953,941000
2017-07-12,123.8499984741211,124.19000244140625,123.08999633789062,123.38999938964844,95.6639175415039,1222700
2017-07-13,123.47000122070312,124.0,123.27999877929688,123.38999938964844,95.6639175415039,1570300
2017-07-14,122.70999908447266,123.1500015258789,119.76000213623047,120.56999969482422,93.47756958007812,2559500
2017-07-17,120.48999786376953,121.41999816894531,120.38999938964844,120.63999938964844,93.5318374633789,2123500
2017-07-18,120.06999969482422,120.87000274658203,119.56999969482422,120.55999755859375,93.4698257446289,915200
2017-07-19,120.77999877929688,120.97000122070312,119.86000061035156,120.16999816894531,93.16744995117188,1630500
2017-07-20,120.18000030517578,120.80000305175781,119.30000305175781,120.55999755859375,93.4698257446289,1294100
2017-07-21,120.48999786376953,122.37000274658203,120.48999786376953,121.0,93.81097412109375,1648900
2017-07-24,120.9000015258789,121.11000061035156,120.12000274658203,120.41999816894531,93.36129760742188,1142600
2017-07-25,121.33999633789062,122.25,120.69000244140625,121.88999938964844,94.50096893310547,1319100
2017-07-26,121.75,123.12999725341797,121.41999816894531,121.83000183105469,94.45445251464844,1343100
2017-07-27,121.83999633789062,122.30000305175781,120.5199966430664,121.36000061035156,94.09007263183594,1349600
2017-07-28,121.25,121.77999877929688,120.5199966430664,121.27999877929688,94.02803802490234,1401600
2017-07-31,121.77999877929688,123.12999725341797,121.37000274658203,122.62000274658203,95.06694793701172,1635900
2017-08-01,123.6500015258789,124.05999755859375,120.31999969482422,123.79000091552734,95.97403717041016,1903300
2017-08-02,123.27999877929688,124.23999786376953,123.19000244140625,124.16000366210938,96.26087188720703,1331300
2017-08-03,124.33999633789062,125.18000030517578,124.01000213623047,124.98999786376953,96.90438842773438,1360500
2017-08-04,125.77999877929688,126.08999633789062,124.69999694824219,125.83000183105469,97.55567169189453,1222800
2017-08-07,126.16000366210938,126.79000091552734,124.91999816894531,124.97000122070312,96.88888549804688,979100
2017-08-08,124.77999877929688,125.5199966430664,124.45999908447266,124.76000213623047,96.72608184814453,776300
2017-08-09,124.31999969482422,126.43000030517578,124.0,126.19000244140625,97.83475494384766,1416500
2017-08-10,125.70999908447266,126.08000183105469,124.06999969482422,124.19000244140625,96.28416442871094,1075700
2017-08-11,124.87000274658203,125.0,123.05000305175781,123.26000213623047,95.56314086914062,650800
2017-08-14,124.01000213623047,124.9800033569336,123.7300033569336,124.68000030517578,96.66405487060547,726200
2017-08-15,125.20999908447266,126.43000030517578,124.72000122070312,125.91999816894531,97.62545776367188,1047600
2017-08-16,126.33999633789062,127.3499984741211,126.05999755859375,126.22000122070312,97.8580093383789,895100
2017-08-17,126.43000030517578,126.80999755859375,125.23999786376953,125.36000061035156,97.1912612915039,1008800
2017-08-18,124.91999816894531,126.18000030517578,124.69999694824219,125.38999938964844,97.2145004272461,1048000
2017-08-21,125.33999633789062,125.66999816894531,123.87999725341797,125.27999877929688,97.1292495727539,728900
2017-08-22,125.58000183105469,126.69999694824219,125.11000061035156,126.37000274658203,97.97430419921875,1136900
2017-08-23,125.94999694824219,126.55999755859375,125.45999908447266,125.94999694824219,97.648681640625,1499600
2017-08-24,126.06999969482422,126.62000274658203,125.6500015258789,125.91999816894531,97.62545776367188,1326500
2017-08-25,126.29000091552734,127.69999694824219,126.05000305175781,127.0999984741211,98.54029083251953,1578800
2017-08-28,127.62999725341797,127.7699966430664,126.51000213623047,126.93000030517578,98.40849304199219,669800
2017-08-29,126.26000213623047,126.5999984741211,125.5999984741211,126.37999725341797,97.98204803466797,955900
2017-08-30,126.41000366210938,126.98999786376953,125.94000244140625,126.05999755859375,97.73397064208984,1202300
2017-08-31,126.61000061035156,126.61000061035156,125.75,125.80000305175781,97.53239440917969,1034700
2017-09-01,125.62999725341797,126.56999969482422,125.58999633789062,126.25,97.88127899169922,842800
2017-09-05,125.9800033569336,126.30000305175781,124.51000213623047,125.45999908447266,97.26876831054688,1540700
2017-09-06,125.83000183105469,129.30999755859375,125.4800033569336,128.4199981689453,99.56366729736328,1886800
2017-09-07,128.02000427246094,128.61000061035156,124.91999816894531,125.73999786376953,97.98946380615234,1131700
2017-09-08,125.86000061035156,129.08999633789062,125.5199966430664,128.0399932861328,99.78186798095703,1034700
2017-09-11,129.1199951171875,129.75,128.50999450683594,128.8000030517578,100.37413787841797,1056600
2017-09-12,128.97999572753906,130.14999389648438,128.61000061035156,130.05999755859375,101.35606384277344,795300
2017-09-13,130.08999633789062,130.88999938964844,129.7100067138672,130.8699951171875,101.98729705810547,1036100
2017-09-14,131.17999267578125,132.1699981689453,130.82000732421875,132.1199951171875,102.96144104003906,1591900
2017-09-15,131.97999572753906,132.33999633789062,130.9199981689453,131.2899932861328,102.31462860107422,1670600
2017-09-18,130.86000061035156,131.9499969482422,130.3699951171875,131.3000030517578,102.32239532470703,1494800
2017-09-19,131.50999450683594,132.89999389648438,131.27000427246094,131.80999755859375,102.71984100341797,1635500
2017-09-20,132.0,134.24000549316406,131.9600067138672,133.8000030517578,104.27066040039062,1442700
2017-09-21,133.42999267578125,134.16000366210938,133.05999755859375,133.8000030517578,104.27066040039062,766600
2017-09-22,132.92999267578125,134.36000061035156,132.86000061035156,134.1699981689453,104.55899810791016,770700
2017-09-25,134.27999877929688,134.6300048828125,132.58999633789062,134.3000030517578,104.66033172607422,735900
2017-09-26,134.2100067138672,134.3800048828125,132.82000732421875,133.08999633789062,103.71734619140625,927500
2017-09-27,133.42999267578125,134.97999572753906,133.24000549316406,134.52999877929688,104.83954620361328,1221200
2017-09-28,134.5399932861328,136.02000427246094,133.92999267578125,135.86000061035156,105.87600708007812,1222900
2017-09-29,135.8699951171875,136.25999450683594,135.1699981689453,135.67999267578125,105.73576354980469,1071300
2017-10-02,135.72999572753906,136.52000427246094,135.25,136.39999389648438,106.29684448242188,821700
2017-10-03,136.3699951171875,137.4499969482422,134.7899932861328,137.3300018310547,107.02159881591797,1364000
2017-10-04,137.02000427246094,137.2899932861328,136.38999938964844,136.8800048828125,106.67092895507812,1010400
2017-10-05,137.24000549316406,138.33999633789062,136.24000549316406,138.02000427246094,107.5593032836914,988800
2017-10-06,138.1300048828125,138.38999938964844,135.72999572753906,137.1999969482422,106.92029571533203,1575700
2017-10-09,137.02999877929688,138.38999938964844,136.3699951171875,137.99000549316406,107.53595733642578,813900
2017-10-10,138.47999572753906,138.49000549316406,136.25,137.22999572753906,106.94365692138672,1114800
2017-10-11,136.8300018310547,137.6999969482422,136.39999389648438,137.19000244140625,106.91248321533203,1058900
2017-10-12,137.1999969482422,137.89999389648438,136.5500030517578,137.7100067138672,107.31771850585938,966600
2017-10-13,137.57000732421875,138.27000427246094,136.80999755859375,137.30999755859375,107.00596618652344,1737300
2017-10-16,137.61000061035156,137.99000549316406,136.97000122070312,137.52000427246094,107.16966247558594,763300
2017-10-17,137.50999450683594,137.50999450683594,136.02999877929688,136.19000244140625,106.1331787109375,1259600
2017-10-18,136.36000061035156,136.75,135.52000427246094,136.3699951171875,106.27344512939453,1002100
2017-10-19,135.86000061035156,135.86000061035156,134.3699951171875,134.9499969482422,105.16683959960938,1141000
2017-10-20,135.5399932861328,135.6300048828125,134.6999969482422,135.1300048828125,105.30711364746094,1179500
2017-10-23,135.0,135.33999633789062,134.3699951171875,134.61000061035156,104.90188598632812,1038900
2017-10-24,134.8000030517578,134.89999389648438,133.63999938964844,134.07000732421875,104.48106384277344,1498100
2017-10-25,134.0,134.36000061035156,132.3300018310547,133.85000610351562,104.30966186523438,1829100
2017-10-26,134.60000610351562,137.0,132.77000427246094,136.60000610351562,106.45270538330078,1782900
2017-10-27,135.88999938964844,137.86000061035156,134.08999633789062,137.5500030517578,107.19303131103516,1921500
2017-10-30,136.8800048828125,137.4600067138672,136.08999633789062,136.11000061035156,106.07084655761719,1244200
2017-10-31,136.2100067138672,137.6199951171875,135.8699951171875,137.1699981689453,106.89690399169922,1186900
2017-11-01,137.99000549316406,138.2899932861328,135.61000061035156,136.13999938964844,106.09422302246094,1002400
2017-11-02,136.14999389648438,140.57000732421875,136.00999450683594,140.3000030517578,109.33612060546875,1553800
2017-11-03,139.52999877929688,141.07000732421875,139.41000366210938,140.05999755859375,109.14910888671875,1720400
2017-11-06,139.67999267578125,139.89999389648438,137.6699981689453,138.16000366210938,107.66838836669922,1079900
2017-11-07,138.38999938964844,139.44000244140625,136.85000610351562,137.5500030517578,107.19303131103516,755500
2017-11-08,137.55999755859375,138.14999389648438,137.24000549316406,137.60000610351562,107.23201751708984,796800
2017-11-09,137.33999633789062,138.16000366210938,136.35000610351562,138.0399932861328,107.57488250732422,764000
2017-11-10,138.17999267578125,139.0,137.55999755859375,137.8800048828125,107.4502182006836,750200
2017-11-13,137.72000122070312,140.35000610351562,137.50999450683594,140.14999389648438,109.2192153930664,1142100
2017-11-14,139.67999267578125,141.0399932861328,138.92999267578125,140.1999969482422,109.25823211669922,1267500
2017-11-15,139.72000122070312,141.44000244140625,139.50999450683594,139.6699981689453,108.84516143798828,1017300
2017-11-16,140.3800048828125,140.61000061035156,139.25999450683594,140.08999633789062,109.1724624633789,740800
2017-11-17,139.57000732421875,140.1300048828125,139.0399932861328,139.49000549316406,108.70490264892578,924200
2017-11-20,140.11000061035156,142.63999938964844,139.75,141.89999389648438,110.58299255371094,1137800
2017-11-21,142.72000122070312,143.99000549316406,141.63999938964844,142.5800018310547,111.1129379272461,1077700
2017-11-22,143.2899932861328,143.2899932861328,140.50999450683594,141.8699951171875,110.55962371826172,1040100
2017-11-24,142.2899932861328,142.9499969482422,141.63999938964844,141.86000061035156,110.5518569946289,312200
2017-11-27,142.27999877929688,143.4199981689453,141.99000549316406,142.07000732421875,110.71548461914062,1060100
2017-11-28,142.4499969482422,145.2100067138672,141.7100067138672,145.1199951171875,113.09234619140625,1371700
2017-11-29,145.85000610351562,149.2899932861328,145.75999450683594,147.8300018310547,115.20429229736328,2558000
2017-11-30,148.25999450683594,151.85000610351562,147.83999633789062,149.5399932861328,116.53688049316406,2434800
2017-12-01,151.4600067138672,152.13999938964844,148.39999389648438,150.7899932861328,117.51104736328125,2808000
2017-12-04,153.5,154.02999877929688,150.97999572753906,153.41000366210938,119.55281829833984,2446300
2017-12-05,153.52000427246094,155.2899932861328,151.5800018310547,152.11000061035156,118.53968811035156,2130100
2017-12-06,152.3800048828125,153.1999969482422,149.69000244140625,152.75,119.03839874267578,1431900
2017-12-07,152.5,153.49000549316406,150.2899932861328,152.07000732421875,119.02278900146484,1489500
2017-12-08,152.6699981689453,153.02000427246094,151.00999450683594,152.82000732421875,119.60980987548828,1494400
2017-12-11,153.1999969482422,153.67999267578125,152.22000122070312,152.7100067138672,119.52368927001953,1019900
2017-12-12,152.55999755859375,153.64999389648438,152.1999969482422,153.02999877929688,119.77412414550781,1327000
2017-12-13,153.10000610351562,153.5500030517578,151.35000610351562,151.61000061035156,118.66275787353516,1285900
2017-12-14,152.25999450683594,152.60000610351562,150.0399932861328,150.4199981689453,117.73133087158203,2215300
2017-12-15,150.69000244140625,151.8000030517578,150.0,151.07000732421875,118.24010467529297,2241300
2017-12-18,152.27999877929688,152.6699981689453,150.8000030517578,151.27999877929688,118.40447235107422,1400300
2017-12-19,151.9600067138672,152.10000610351562,150.07000732421875,150.16000366210938,117.52784729003906,1176200
2017-12-20,150.77000427246094,150.91000366210938,148.1199951171875,149.44000244140625,116.96434783935547,1523000
2017-12-21,150.02000427246094,151.22000122070312,149.5500030517578,150.8800048828125,118.09140014648438,1759000
2017-12-22,151.1199951171875,151.30999755859375,148.72999572753906,148.97999572753906,116.60430145263672,1164000
2017-12-26,148.6300048828125,149.2899932861328,147.85000610351562,148.94000244140625,116.5729751586914,1545000
2017-12-27,145.72999572753906,146.8300018310547,144.83999633789062,145.9499969482422,116.9817886352539,1267600
2017-12-28,146.4600067138672,146.47999572753906,145.5500030517578,146.30999755859375,117.2702865600586,848500
2017-12-29,146.47000122070312,148.07000732421875,146.00999450683594,146.0500030517578,117.06190490722656,879500
2018-01-02,146.1199951171875,146.66000366210938,144.4199981689453,144.7899932861328,116.05196380615234,1080900
2018-01-03,144.33999633789062,147.30999755859375,143.67999267578125,147.11000061035156,117.91151428222656,1340500
2018-01-04,148.2899932861328,150.33999633789062,147.6199951171875,148.67999267578125,119.16988372802734,1551000
2018-01-05,148.49000549316406,149.77000427246094,148.25,149.64999389648438,119.94733428955078,953900
2018-01-08,150.72999572753906,152.7100067138672,150.25999450683594,151.72999572753906,121.6145248413086,1118100
2018-01-09,151.5,153.16000366210938,151.32000732421875,152.6300048828125,122.33589935302734,944800
2018-01-10,152.9600067138672,154.33999633789062,151.89999389648438,152.89999389648438,122.55231475830078,1182900
2018-01-11,153.08999633789062,153.35000610351562,151.50999450683594,152.80999755859375,122.48016357421875,1056100
2018-01-12,153.02000427246094,153.32000732421875,151.92999267578125,152.72999572753906,122.41603088378906,1108900
2018-01-16,154.13999938964844,155.14999389648438,151.39999389648438,152.1999969482422,121.99122619628906,1304100
2018-01-17,153.24000549316406,153.97999572753906,151.25999450683594,151.4499969482422,121.39012145996094,1470000
2018-01-18,152.0399932861328,152.77999877929688,151.72000122070312,152.2100067138672,121.99925994873047,1140900
2018-01-19,153.00999450683594,154.44000244140625,152.5,154.27999877929688,123.65840911865234,1558800
2018-01-22,154.05999755859375,155.4499969482422,153.7100067138672,155.4499969482422,124.59618377685547,910700
2018-01-23,155.6999969482422,156.02000427246094,153.83999633789062,154.25,123.63433074951172,842700
2018-01-24,154.3000030517578,155.86000061035156,153.1699981689453,154.99000549316406,124.22750854492188,1048400
2018-01-25,154.99000549316406,155.19000244140625,153.27999877929688,154.1699981689453,123.57026672363281,1228100
2018-01-26,154.55999755859375,155.5399932861328,153.7100067138672,155.16000366210938,124.3637466430664,1131300
2018-01-29,155.27999877929688,156.49000549316406,153.3800048828125,153.4499969482422,122.99314880371094,1223400
2018-01-30,153.0,154.52000427246094,152.22999572753906,153.3300018310547,122.8969497680664,1506100
2018-01-31,152.91000366210938,155.32000732421875,152.91000366210938,153.47999572753906,123.01721954345703,2947700
2018-02-01,155.39999389648438,159.08999633789062,153.86000061035156,158.91000366210938,127.36942291259766,2357300
2018-02-02,160.1199951171875,163.0,158.9499969482422,159.11000061035156,127.52976989746094,3012900
2018-02-05,158.99000549316406,160.7899932861328,153.8800048828125,153.9600067138672,123.40190124511719,3687700
2018-02-06,153.1999969482422,157.75999450683594,149.3800048828125,157.64999389648438,126.35950469970703,4348400
2018-02-07,158.6699981689453,162.0,156.85000610351562,159.92999267578125,128.1869659423828,2725600
2018-02-08,160.25,160.8699951171875,152.92999267578125,153.0399932861328,122.66453552246094,2739600
2018-02-09,154.25999450683594,157.9199981689453,152.5,156.85000610351562,125.71831512451172,2623800
2018-02-12,157.3300018310547,161.2899932861328,157.25,160.1300048828125,128.34732055664062,1991400
2018-02-13,159.0,161.1699981689453,158.16000366210938,160.16000366210938,128.37136840820312,1238300
2018-02-14,159.07000732421875,162.5500030517578,158.77000427246094,162.14999389648438,129.9663543701172,1789600
2018-02-15,162.77000427246094,165.2100067138672,161.61000061035156,165.11000061035156,132.3388671875,1595400
2018-02-16,164.67999267578125,165.35000610351562,161.77999877929688,162.3800048828125,130.1507110595703,1449000
2018-02-20,161.72999572753906,164.66000366210938,161.52000427246094,163.35000610351562,130.92820739746094,1435400
2018-02-21,163.11000061035156,164.80999755859375,161.72999572753906,161.77999877929688,129.66981506347656,1120500
2018-02-22,162.4600067138672,163.3800048828125,160.02999877929688,160.52999877929688,128.6678924560547,1224100
2018-02-23,161.1999969482422,164.0800018310547,161.14999389648438,164.02000427246094,131.46522521972656,972300
2018-02-26,164.52000427246094,166.9499969482422,163.60000610351562,166.89999389648438,133.77357482910156,1213900
2018-02-27,167.24000549316406,169.52000427246094,166.5,166.69000244140625,133.6052703857422,1583600
2018-02-28,166.77999877929688,168.82000732421875,165.6300048828125,166.16000366210938,133.18045043945312,1620000
2018-03-01,166.3699951171875,166.99000549316406,161.27999877929688,162.25999450683594,130.05450439453125,1415400
2018-03-02,161.55999755859375,166.38999938964844,161.55999755859375,166.25999450683594,133.26060485839844,1605000
2018-03-05,165.35000610351562,170.1300048828125,164.89999389648438,168.49000549316406,135.04798889160156,1946000
2018-03-06,169.07000732421875,170.3000030517578,166.4600067138672,169.58999633789062,135.92971801757812,1610300
2018-03-07,168.02000427246094,168.8300018310547,166.0399932861328,168.5800018310547,135.1201171875,1358100
2018-03-08,168.69000244140625,169.22999572753906,166.92999267578125,168.44000244140625,135.57086181640625,1560000
2018-03-09,169.75999450683594,171.7100067138672,168.80999755859375,171.4199981689453,137.9693603515625,1949100
2018-03-12,171.1300048828125,171.64999389648438,167.85000610351562,169.17999267578125,136.16644287109375,1774800
2018-03-13,169.05999755859375,169.86000061035156,164.22999572753906,164.80999755859375,132.64923095703125,2304000
2018-03-14,165.64999389648438,165.99000549316406,162.38999938964844,162.9499969482422,131.1521453857422,2255200
2018-03-15,163.00999450683594,167.3800048828125,160.82000732421875,165.38999938964844,133.1160125732422,2200400
2018-03-16,165.39999389648438,166.89999389648438,163.61000061035156,165.1199951171875,132.89869689941406,7742200
2018-03-19,165.07000732421875,165.57000732421875,162.08999633789062,163.5399932861328,131.62705993652344,1381300
2018-03-20,164.2899932861328,165.82000732421875,163.97999572753906,164.17999267578125,132.14212036132812,964300
2018-03-21,164.30999755859375,166.97000122070312,163.6300048828125,164.5,132.39971923828125,1186100
2018-03-22,163.5,165.50999450683594,159.72999572753906,160.16000366210938,128.9066162109375,1562900
2018-03-23,160.49000549316406,161.63999938964844,157.97999572753906,158.1199951171875,127.26465606689453,2120400
2018-03-26,159.8800048828125,162.5800018310547,159.57000732421875,161.7100067138672,130.1541748046875,1936800
2018-03-27,161.77000427246094,163.85000610351562,157.60000610351562,159.0,127.97297668457031,1835600
2018-03-28,159.0,167.36000061035156,156.42999267578125,158.83999633789062,127.84416961669922,2043800
2018-03-29,158.52000427246094,162.0,156.67999267578125,161.74000549316406,130.1782684326172,3926300
2018-04-02,161.6199951171875,161.6199951171875,155.39999389648438,157.6999969482422,126.9266586303711,1795400
2018-04-03,157.25999450683594,160.97000122070312,156.72999572753906,160.57000732421875,129.23660278320312,1932000
2018-04-04,158.02000427246094,161.0399932861328,157.0399932861328,160.49000549316406,129.17221069335938,1519800
2018-04-05,161.91000366210938,164.11000061035156,160.75999450683594,162.99000549316406,131.1843719482422,1810100
2018-04-06,161.8300018310547,162.02999877929688,157.1699981689453,158.25999450683594,127.37737274169922,1313800
2018-04-09,158.72000122070312,162.42999267578125,158.11000061035156,159.17999267578125,128.1178436279297,1449700
2018-04-10,161.02000427246094,164.5800018310547,160.92999267578125,163.58999633789062,131.66729736328125,1939300
2018-04-11,162.02000427246094,162.52999877929688,160.49000549316406,161.25999450683594,129.7919464111328,1301200
2018-04-12,162.4499969482422,166.1699981689453,162.02000427246094,164.2100067138672,132.1663055419922,1796500
2018-04-13,165.3800048828125,165.4600067138672,162.3000030517578,163.4199981689453,131.53042602539062,1025600
2018-04-16,164.94000244140625,165.92999267578125,163.97000122070312,164.02000427246094,132.01339721679688,1022400
2018-04-17,164.8000030517578,166.64999389648438,164.55999755859375,164.75999450683594,132.6089630126953,1590000
2018-04-18,164.94000244140625,165.88999938964844,163.7100067138672,165.1999969482422,132.96311950683594,1026400
2018-04-19,165.6199951171875,166.5500030517578,163.91000366210938,164.47000122070312,132.3755645751953,1336600
2018-04-20,165.22000122070312,165.91000366210938,163.00999450683594,165.0800018310547,132.86656188964844,1598100
2018-04-23,164.9600067138672,165.32000732421875,163.19000244140625,164.1999969482422,132.1582794189453,1342600
2018-04-24,164.97999572753906,165.41000366210938,160.27000427246094,161.60000610351562,130.06561279296875,1534600
2018-04-25,161.75,162.11000061035156,159.85000610351562,161.0800018310547,129.64706420898438,1447500
2018-04-26,159.88999938964844,162.27999877929688,155.60000610351562,159.4499969482422,128.3351593017578,3048800
2018-04-27,157.91000366210938,159.30999755859375,155.66000366210938,157.36000061035156,126.65300750732422,1590700
2018-04-30,158.3699951171875,160.57000732421875,157.6699981689453,157.67999267578125,126.9105224609375,1412900
2018-05-01,157.55999755859375,158.33999633789062,154.39999389648438,156.5,125.96080017089844,1962600
2018-05-02,156.4499969482422,158.1999969482422,155.64999389648438,156.3800048828125,125.8642349243164,1700500
2018-05-03,155.6999969482422,158.39999389648438,153.89999389648438,157.02000427246094,126.37934875488281,2097000
2018-05-04,156.80999755859375,160.3000030517578,155.75,159.16000366210938,128.10174560546875,1406100
2018-05-07,159.41000366210938,160.0800018310547,158.35000610351562,159.22000122070312,128.15005493164062,1231900
2018-05-08,159.05999755859375,159.7100067138672,157.64999389648438,158.4600067138672,127.53833770751953,1299100
2018-05-09,158.74000549316406,161.83999633789062,157.39999389648438,161.47000122070312,129.96096801757812,1307300
2018-05-10,160.44000244140625,160.99000549316406,159.13999938964844,159.9600067138672,128.74566650390625,1532500
2018-05-11,159.8300018310547,160.0,158.5,159.2899932861328,128.2063751220703,1194900
2018-05-14,159.94000244140625,161.1999969482422,158.5,161.02999877929688,129.6068115234375,1336100
2018-05-15,160.72999572753906,161.3699951171875,159.27000427246094,160.4499969482422,129.13995361328125,1232100
2018-05-16,160.60000610351562,161.02000427246094,159.3699951171875,160.6699981689453,129.3170928955078,911200
2018-05-17,160.3300018310547,160.91000366210938,159.39999389648438,160.6999969482422,129.34124755859375,1090900
2018-05-18,160.6199951171875,160.8800048828125,159.3000030517578,159.77999877929688,128.6007843017578,1923800
2018-05-21,160.14999389648438,161.8699951171875,160.00999450683594,161.3800048828125,129.88856506347656,982500
2018-05-22,161.27000427246094,161.4600067138672,158.80999755859375,160.86000061035156,129.4700164794922,1387500
2018-05-23,159.8300018310547,160.19000244140625,158.13999938964844,160.11000061035156,128.86634826660156,1026700
2018-05-24,158.67999267578125,160.1199951171875,157.2100067138672,160.00999450683594,128.78587341308594,1473300
2018-05-25,159.39999389648438,159.99000549316406,158.5,159.60000610351562,128.4558868408203,1106700
2018-05-29,158.47000122070312,159.5399932861328,157.35000610351562,158.67999267578125,127.71539306640625,1862200
2018-05-30,159.60000610351562,166.13999938964844,158.6999969482422,165.49000549316406,133.19651794433594,2422500
2018-05-31,165.0399932861328,165.77999877929688,162.5,162.89999389648438,131.1119384765625,3657500
2018-06-01,164.41000366210938,167.8000030517578,163.77000427246094,167.52999877929688,134.83843994140625,1690200
2018-06-04,167.6699981689453,170.47999572753906,167.52000427246094,170.3000030517578,137.06788635253906,1984800
2018-06-05,169.0800018310547,170.7899932861328,169.0800018310547,170.4600067138672,137.1966552734375,2619300
2018-06-06,171.2100067138672,174.36000061035156,170.72000122070312,173.5399932861328,139.6756591796875,2257300
2018-06-07,173.49000549316406,173.75999450683594,170.8000030517578,171.74000549316406,138.7866973876953,1926900
2018-06-08,171.41000366210938,171.69000244140625,169.69000244140625,170.97000122070312,138.1644744873047,1428100
2018-06-11,171.25,171.42999267578125,169.63999938964844,170.6300048828125,137.88967895507812,1449900
2018-06-12,170.33999633789062,170.89999389648438,168.66000366210938,170.22000122070312,137.55836486816406,1217600
2018-06-13,170.27999877929688,171.6699981689453,169.1199951171875,170.47999572753906,137.7684783935547,1547600
2018-06-14,170.7899932861328,172.2100067138672,168.1699981689453,168.86000061035156,136.45933532714844,1684600
2018-06-15,168.10000610351562,170.39999389648438,167.2100067138672,169.8300018310547,137.24317932128906,2074800
2018-06-18,169.0,169.72000122070312,168.3800048828125,169.1999969482422,136.7340850830078,1117200
2018-06-19,167.85000610351562,168.72000122070312,166.39999389648438,166.9600067138672,134.92391967773438,2017400
2018-06-20,167.8699951171875,168.8699951171875,167.08999633789062,167.2100067138672,135.12594604492188,1231600
2018-06-21,167.02999877929688,168.77000427246094,165.1199951171875,168.22000122070312,135.94212341308594,1408000
2018-06-22,168.83999633789062,169.97000122070312,167.7899932861328,168.4199981689453,136.10374450683594,1967000
2018-06-25,168.1999969482422,168.1999969482422,165.14999389648438,166.49000549316406,134.5440673828125,1327000
2018-06-26,166.86000061035156,168.5500030517578,165.1999969482422,165.5500030517578,133.784423828125,1646300
2018-06-27,163.02000427246094,166.44000244140625,162.50999450683594,163.19000244140625,131.87730407714844,1406900
2018-06-28,163.6199951171875,165.0,162.38999938964844,163.86000061035156,132.41873168945312,1100000
2018-06-29,164.6699981689453,165.92999267578125,163.85000610351562,163.9199981689453,132.46725463867188,1686700
2018-07-02,163.47999572753906,164.05999755859375,162.97999572753906,163.99000549316406,132.52377319335938,917800
2018-07-03,164.0,165.64999389648438,160.75999450683594,161.1199951171875,130.20445251464844,512000
2018-07-05,161.44000244140625,161.8800048828125,159.36000061035156,160.3000030517578,129.5417938232422,1334500
2018-07-06,160.0800018310547,161.52999877929688,159.50999450683594,160.42999267578125,129.6468505859375,1574300
2018-07-09,161.2100067138672,163.8000030517578,161.0,163.52999877929688,132.1520233154297,1651900
2018-07-10,163.63999938964844,164.88999938964844,162.5500030517578,164.1699981689453,132.66921997070312,1399700
2018-07-11,162.8699951171875,165.7899932861328,162.1699981689453,165.42999267578125,133.68748474121094,1407600
2018-07-12,166.44000244140625,167.39999389648438,164.99000549316406,166.6999969482422,134.7137908935547,1236300
2018-07-13,166.9600067138672,167.17999267578125,165.1300048828125,166.91000366210938,134.88348388671875,1021100
2018-07-16,166.8300018310547,168.47000122070312,166.14999389648438,168.22000122070312,135.94212341308594,721000
2018-07-17,168.22000122070312,169.17999267578125,167.32000732421875,169.02000427246094,136.58865356445312,889000
2018-07-18,169.4600067138672,171.49000549316406,169.10000610351562,171.02000427246094,138.20489501953125,1029200
2018-07-19,170.7899932861328,171.47999572753906,168.7899932861328,168.85000610351562,136.45130920410156,1290600
2018-07-20,168.3800048828125,169.14999389648438,167.3300018310547,169.0,136.5724639892578,979400
2018-07-23,169.0,169.72999572753906,168.02999877929688,169.3000030517578,136.81484985351562,1314700
2018-07-24,168.9600067138672,169.52999877929688,167.6699981689453,168.4600067138672,136.13607788085938,1403300
2018-07-25,168.0,169.91000366210938,167.85000610351562,169.52000427246094,136.99270629882812,1657000
2018-07-26,171.88999938964844,171.99000549316406,166.25999450683594,166.4600067138672,134.5198211669922,2283100
2018-07-27,166.0,166.89999389648438,165.38999938964844,165.49000549316406,133.73594665527344,1530500
2018-07-30,165.5,165.77000427246094,160.7899932861328,161.2100067138672,130.27719116210938,1267200
2018-07-31,161.49000549316406,161.8800048828125,158.35000610351562,159.1199951171875,128.58824157714844,1547400
2018-08-01,159.86000061035156,163.58999633789062,159.07000732421875,161.42999267578125,130.45498657226562,1529900
2018-08-02,161.42999267578125,162.1999969482422,158.86000061035156,161.0399932861328,130.13978576660156,1350500
2018-08-03,161.1699981689453,162.35000610351562,159.99000549316406,161.6300048828125,130.61659240722656,959300
2018-08-06,161.6300048828125,162.57000732421875,161.32000732421875,161.8699951171875,130.810546875,1106600
2018-08-07,162.64999389648438,163.85000610351562,162.08999633789062,163.4199981689453,132.0631103515625,1011800
2018-08-08,163.39999389648438,164.17999267578125,162.07000732421875,163.74000549316406,132.32179260253906,1187800
2018-08-09,163.69000244140625,163.8800048828125,162.7100067138672,162.97000122070312,131.69947814941406,886900
2018-08-10,162.25999450683594,164.1999969482422,161.77000427246094,163.9199981689453,132.46725463867188,1146200
2018-08-13,163.99000549316406,166.0800018310547,163.6199951171875,163.9499969482422,132.49147033691406,1161900
2018-08-14,164.0,166.5399932861328,163.97000122070312,166.30999755859375,134.3986358642578,1208100
2018-08-15,165.86000061035156,167.94000244140625,165.6300048828125,167.6699981689453,135.49766540527344,1651000
2018-08-16,168.86000061035156,169.5500030517578,168.00999450683594,168.47999572753906,136.1522674560547,1311300
2018-08-17,168.67999267578125,170.11000061035156,167.6999969482422,169.3800048828125,136.87954711914062,1729300
2018-08-20,169.35000610351562,170.49000549316406,169.2100067138672,169.67999267578125,137.1220245361328,900700
2018-08-21,169.39999389648438,169.8800048828125,167.0,167.36000061035156,135.24717712402344,1439500
2018-08-22,166.55999755859375,167.7100067138672,166.39999389648438,166.88999938964844,134.86732482910156,707300
2018-08-23,166.89999389648438,168.6999969482422,166.89999389648438,167.6699981689453,135.49766540527344,1048200
2018-08-24,168.02999877929688,169.4600067138672,167.1999969482422,169.32000732421875,136.83106994628906,909000
2018-08-27,169.97999572753906,171.9600067138672,169.92999267578125,170.5800018310547,137.84930419921875,1337500
2018-08-28,170.63999938964844,171.13999938964844,169.2899932861328,169.60000610351562,137.05734252929688,1046900
2018-08-29,169.4499969482422,172.22000122070312,169.27999877929688,172.1699981689453,139.13421630859375,1638800
2018-08-30,171.8800048828125,173.47999572753906,171.52000427246094,173.30999755859375,140.05548095703125,1229600
2018-08-31,172.97999572753906,175.0,172.75,174.72999572753906,141.20298767089844,1391700
2018-09-04,174.72999572753906,177.07000732421875,174.72999572753906,177.0500030517578,143.07781982421875,1721900
2018-09-05,176.9499969482422,177.36000061035156,170.85000610351562,171.2899932861328,138.423095703125,2587500
2018-09-06,172.0800018310547,174.05999755859375,171.3000030517578,173.5,140.20901489257812,1470700
2018-09-07,172.57000732421875,174.25999450683594,172.35000610351562,173.77999877929688,141.0041961669922,1399100
2018-09-10,174.6199951171875,175.5800018310547,174.08999633789062,174.10000610351562,141.26380920410156,1071100
2018-09-11,174.49000549316406,174.6199951171875,172.8699951171875,173.02999877929688,140.39561462402344,1082200
2018-09-12,172.44000244140625,173.0,170.30999755859375,171.64999389648438,139.27589416503906,1010800
2018-09-13,171.74000549316406,173.3699951171875,171.5800018310547,172.30999755859375,139.81137084960938,1101400
2018-09-14,172.8300018310547,173.9199981689453,172.4499969482422,173.14999389648438,140.49298095703125,886200
2018-09-17,172.67999267578125,173.25,171.64999389648438,171.83999633789062,139.43006896972656,944900
2018-09-18,171.52999877929688,172.97000122070312,171.52999877929688,172.39999389648438,139.8844451904297,1122500
2018-09-19,173.0,173.86000061035156,171.9600067138672,173.61000061035156,140.8662567138672,1156600
2018-09-20,174.49000549316406,174.94000244140625,173.3699951171875,174.3800048828125,141.4910125732422,912400
2018-09-21,174.7100067138672,175.36000061035156,173.64999389648438,175.1199951171875,142.09146118164062,2100200
2018-09-24,174.9499969482422,175.86000061035156,174.1300048828125,174.75,141.791259765625,1247000
2018-09-25,175.11000061035156,175.39999389648438,173.1300048828125,173.60000610351562,140.85813903808594,1459400
2018-09-26,173.60000610351562,174.3800048828125,172.39999389648438,173.0,140.37130737304688,1403600
2018-09-27,173.1199951171875,174.0399932861328,171.85000610351562,171.92999267578125,139.5030975341797,1017100
2018-09-28,171.1999969482422,172.1699981689453,170.0399932861328,170.2100067138672,138.1075439453125,1439800
2018-10-01,171.35000610351562,174.2899932861328,170.49000549316406,174.25,141.38552856445312,1041900
2018-10-02,174.13999938964844,174.74000549316406,172.5500030517578,174.5,141.58839416503906,1704200
2018-10-03,175.57000732421875,176.1300048828125,174.47999572753906,175.4499969482422,142.3592071533203,1128200
2018-10-04,175.72000122070312,181.72999572753906,175.4499969482422,180.50999450683594,146.46484375,2360800
2018-10-05,180.9499969482422,182.97000122070312,180.9499969482422,181.69000244140625,147.42234802246094,1672400
2018-10-08,181.42999267578125,181.6300048828125,179.85000610351562,180.91000366210938,146.78944396972656,1227900
2018-10-09,180.0,182.08999633789062,179.80999755859375,181.16000366210938,146.99227905273438,1543700
2018-10-10,181.91000366210938,182.47999572753906,179.47999572753906,180.25,146.25389099121094,2406400
2018-10-11,179.86000061035156,180.57000732421875,174.36000061035156,176.02999877929688,142.82981872558594,3358700
2018-10-12,176.4199981689453,177.5500030517578,173.27999877929688,176.5,143.21112060546875,1766700
2018-10-15,175.8300018310547,176.17999267578125,173.5500030517578,173.82000732421875,141.03663635253906,1534400
2018-10-16,174.4499969482422,178.27000427246094,174.00999450683594,178.05999755859375,144.4769744873047,1626600
2018-10-17,178.88999938964844,181.60000610351562,177.10000610351562,181.32000732421875,147.1221160888672,1748600
2018-10-18,181.27999877929688,183.1999969482422,180.75,181.9199981689453,147.60897827148438,1497100
2018-10-19,180.85000610351562,183.7899932861328,180.6199951171875,182.64999389648438,148.20123291015625,1735600
2018-10-22,183.27000427246094,183.27000427246094,180.7899932861328,181.22000122070312,147.0409393310547,1477900
2018-10-23,178.25999450683594,181.8699951171875,178.25999450683594,180.8000030517578,146.7001495361328,1534900
2018-10-24,180.10000610351562,183.6699981689453,179.3699951171875,181.0800018310547,146.92738342285156,1810600
2018-10-25,182.32000732421875,182.32000732421875,175.27000427246094,177.47000122070312,143.99822998046875,2932600
2018-10-26,176.8300018310547,180.8800048828125,176.22000122070312,178.63999938964844,144.9475860595703,2027000
2018-10-29,180.42999267578125,181.97999572753906,177.0500030517578,179.38999938964844,145.55612182617188,1518700
2018-10-30,180.50999450683594,182.7100067138672,179.55999755859375,182.47000122070312,148.05519104003906,1750900
2018-10-31,183.0,185.11000061035156,182.0800018310547,183.24000549316406,148.67996215820312,3117800
2018-11-01,183.75999450683594,186.58999633789062,183.05999755859375,183.75,149.0937957763672,3398300
2018-11-02,184.61000061035156,186.66000366210938,182.97000122070312,183.86000061035156,149.18304443359375,1795800
2018-11-05,184.5399932861328,186.75999450683594,184.22000122070312,185.5,150.51373291015625,3390200
2018-11-06,186.22999572753906,188.49000549316406,185.99000549316406,186.39999389648438,151.24398803710938,2595400
2018-11-07,187.75999450683594,188.74000549316406,185.97999572753906,188.69000244140625,153.10205078125,3069300
2018-11-08,188.6199951171875,189.80999755859375,187.8699951171875,189.42999267578125,153.7025146484375,2188000
2018-11-09,189.60000610351562,190.42999267578125,187.25999450683594,189.74000549316406,153.9540557861328,2460000
2018-11-12,189.1300048828125,190.19000244140625,186.22999572753906,186.4499969482422,151.28451538085938,2446300
2018-11-13,187.1999969482422,187.88999938964844,185.60000610351562,187.3300018310547,151.99862670898438,2683500
2018-11-14,188.1699981689453,190.2100067138672,185.69000244140625,188.05999755859375,152.5908660888672,3257400
2018-11-15,187.10000610351562,191.63999938964844,186.6699981689453,191.55999755859375,155.43077087402344,3680000
2018-11-16,191.08999633789062,196.1699981689453,190.80999755859375,195.61000061035156,158.71693420410156,2286900
2018-11-19,195.60000610351562,197.0800018310547,194.41000366210938,195.61000061035156,158.71693420410156,2029700
2018-11-20,194.5,194.82000732421875,190.6199951171875,192.16000366210938,155.9176025390625,2652900
2018-11-21,192.72999572753906,193.08999633789062,190.0,190.00999450683594,154.17311096191406,1834000
2018-11-23,189.4199981689453,189.86000061035156,188.2100067138672,189.30999755859375,153.6051025390625,1084900
2018-11-26,190.0,192.13999938964844,189.9499969482422,191.52000427246094,155.3983612060547,1742200
2018-11-27,191.14999389648438,194.47999572753906,191.0800018310547,194.14999389648438,157.53233337402344,1684100
2018-11-28,192.5800018310547,192.92999267578125,186.3000030517578,187.11000061035156,151.820068359375,3366200
2018-11-29,186.4499969482422,189.39999389648438,184.10000610351562,188.91000366210938,153.2805938720703,2697500
2018-11-30,187.6199951171875,190.77000427246094,187.41000366210938,190.0800018310547,154.22988891601562,3245900
2018-12-03,190.10000610351562,191.9600067138672,186.32000732421875,188.11000061035156,152.63145446777344,2571300
2018-12-04,188.72999572753906,189.27999877929688,186.50999450683594,188.1999969482422,152.7044677734375,2626200
2018-12-06,188.0,189.16000366210938,183.42999267578125,189.02000427246094,153.3697967529297,2886000
2018-12-07,188.80999755859375,191.38999938964844,186.19000244140625,187.11000061035156,152.38438415527344,1821000
2018-12-10,186.6999969482422,190.74000549316406,185.2100067138672,190.35000610351562,155.02308654785156,1946900
2018-12-11,192.13999938964844,192.66000366210938,188.50999450683594,189.50999450683594,154.33895874023438,2745600
2018-12-12,191.42999267578125,192.88999938964844,188.41000366210938,188.57000732421875,153.57342529296875,2265700
2018-12-13,188.0800018310547,188.9199981689453,185.8699951171875,187.94000244140625,153.0603485107422,1908300
2018-12-14,186.8699951171875,188.3699951171875,185.63999938964844,187.63999938964844,152.8160400390625,1606900
2018-12-17,187.30999755859375,188.8000030517578,184.89999389648438,185.58999633789062,151.146484375,1925300
2018-12-18,186.41000366210938,187.99000549316406,181.49000549316406,182.7899932861328,148.86610412597656,2152000
2018-12-19,182.5500030517578,188.5500030517578,181.72000122070312,185.52999877929688,151.09759521484375,2850700
2018-12-20,185.50999450683594,187.9600067138672,183.88999938964844,184.89999389648438,150.5845489501953,2657900
2018-12-21,184.08999633789062,189.3300018310547,181.67999267578125,182.64999389648438,148.7520751953125,4926700
2018-12-24,181.4600067138672,183.0,176.60000610351562,176.6199951171875,143.84120178222656,1211000
2018-12-26,177.1199951171875,182.4199981689453,174.5,182.32000732421875,148.48336791992188,1827700
2018-12-27,179.5,184.57000732421875,178.08999633789062,184.32000732421875,151.56698608398438,1847200
2018-12-28,185.72000122070312,188.0800018310547,183.7100067138672,186.11000061035156,153.03892517089844,1315400
2018-12-31,186.80999755859375,188.4499969482422,185.80999755859375,188.1199951171875,154.6917266845703,1459600
2019-01-02,186.4600067138672,187.8300018310547,184.72000122070312,185.5800018310547,152.60311889648438,1771500
2019-01-03,185.3000030517578,187.6199951171875,181.14999389648438,181.5,149.2481231689453,2274100
2019-01-04,183.52000427246094,185.30999755859375,181.16000366210938,184.67999267578125,151.863037109375,2250800
2019-01-07,183.1300048828125,185.3300018310547,182.89999389648438,183.75,151.09828186035156,1544400
2019-01-08,185.1199951171875,185.35000610351562,180.55999755859375,182.66000366210938,150.20199584960938,1596000
2019-01-09,182.0800018310547,182.5,177.75,178.55999755859375,146.83053588867188,2993000
2019-01-10,177.63999938964844,180.25999450683594,177.2100067138672,179.85000610351562,147.89132690429688,2585100
2019-01-11,178.0500030517578,180.6199951171875,177.35000610351562,180.5500030517578,148.4669189453125,1326500
2019-01-14,178.8800048828125,180.22000122070312,177.85000610351562,178.6699981689453,146.92098999023438,1688400
2019-01-15,177.49000549316406,182.72999572753906,177.49000549316406,181.9600067138672,149.62637329101562,1486800
2019-01-16,182.6999969482422,183.72000122070312,181.77000427246094,182.2899932861328,149.89772033691406,1097200
2019-01-17,182.02999877929688,182.92999267578125,180.83999633789062,181.25999450683594,149.05075073242188,1543400
2019-01-18,182.25999450683594,184.0,180.80999755859375,183.42999267578125,150.83511352539062,1528300
2019-01-22,183.1699981689453,186.94000244140625,182.94000244140625,186.3300018310547,153.21983337402344,1677500
2019-01-23,186.5399932861328,188.0399932861328,185.61000061035156,187.82000732421875,154.44509887695312,1317400
2019-01-24,187.57000732421875,187.58999633789062,185.64999389648438,186.32000732421875,153.2115936279297,1466900
2019-01-25,187.14999389648438,188.0800018310547,185.52000427246094,185.94000244140625,152.8991241455078,1508500
2019-01-28,185.52000427246094,186.47999572753906,184.60000610351562,184.9600067138672,152.0933074951172,1100300
2019-01-29,184.80999755859375,185.08999633789062,180.24000549316406,181.19000244140625,148.99319458007812,1345400
2019-01-30,181.25999450683594,182.83999633789062,179.80999755859375,180.3699951171875,148.3188934326172,1547300
2019-01-31,179.72999572753906,182.5399932861328,179.02999877929688,182.27999877929688,149.88949584960938,1824200
2019-02-01,182.97999572753906,185.22000122070312,182.3000030517578,183.44000244140625,150.84336853027344,1495900
2019-02-04,183.13999938964844,183.77000427246094,175.5800018310547,181.5399932861328,149.28099060058594,2399200
2019-02-05,179.5800018310547,180.1300048828125,176.47999572753906,178.77999877929688,147.0114288330078,2605300
2019-02-06,178.13999938964844,178.60000610351562,176.80999755859375,177.75999450683594,146.17269897460938,1643300
2019-02-07,176.36000061035156,177.24000549316406,173.6999969482422,177.22999572753906,145.7368621826172,1732200
2019-02-08,176.9499969482422,179.1199951171875,176.50999450683594,178.1999969482422,146.5345001220703,1360000
2019-02-11,178.5500030517578,179.14999389648438,177.1999969482422,177.32000732421875,145.81089782714844,1086000
2019-02-12,178.02999877929688,180.66000366210938,177.5500030517578,178.92999267578125,147.134765625,1414800
2019-02-13,179.1699981689453,181.41000366210938,179.00999450683594,180.39999389648438,148.34356689453125,2249500
2019-02-14,181.0,181.0399932861328,176.6199951171875,177.39999389648438,145.8766326904297,2898300
2019-02-15,176.60000610351562,177.8000030517578,173.89999389648438,175.39999389648438,144.23204040527344,3069600
2019-02-19,175.25999450683594,176.5,174.0800018310547,174.3000030517578,143.3275146484375,1611000
2019-02-20,174.3000030517578,175.75999450683594,172.75999450683594,175.58999633789062,144.3883056640625,2197700
2019-02-21,175.41000366210938,176.57000732421875,175.0399932861328,176.49000549316406,145.12838745117188,1955100
2019-02-22,176.50999450683594,178.16000366210938,176.0800018310547,178.05999755859375,146.41941833496094,1350100
2019-02-25,178.8300018310547,180.4199981689453,177.35000610351562,177.49000549316406,145.95066833496094,1935900
2019-02-26,177.60000610351562,179.49000549316406,177.1199951171875,178.11000061035156,146.4604949951172,1742500
2019-02-27,177.85000610351562,180.25,177.32000732421875,179.86000061035156,147.8995361328125,1762300
2019-02-28,180.4499969482422,183.1199951171875,180.42999267578125,181.91000366210938,149.58523559570312,2130800
2019-03-01,182.4499969482422,183.97000122070312,182.00999450683594,182.58999633789062,150.14437866210938,1896600
2019-03-04,183.41000366210938,183.66000366210938,179.07000732421875,180.3000030517578,148.26136779785156,2357400
2019-03-05,181.00999450683594,181.8000030517578,175.32000732421875,175.99000549316406,144.71719360351562,2014100
2019-03-06,176.1699981689453,176.6199951171875,173.9600067138672,174.25,143.28639221191406,1840000
2019-03-07,173.19000244140625,173.77999877929688,171.38999938964844,172.5,142.4605255126953,2612400
2019-03-08,171.3699951171875,171.97999572753906,170.4499969482422,171.5399932861328,141.667724609375,1833000
2019-03-11,171.52000427246094,172.74000549316406,170.60000610351562,170.82000732421875,141.0731201171875,1727500
2019-03-12,171.27000427246094,171.52000427246094,170.11000061035156,170.3699951171875,140.7014617919922,2022700
2019-03-13,170.88999938964844,171.80999755859375,168.11000061035156,169.69000244140625,140.13986206054688,2159200
2019-03-14,169.5,169.69000244140625,166.8800048828125,168.42999267578125,139.0992889404297,2421800
2019-03-15,167.9499969482422,170.89999389648438,167.42999267578125,170.13999938964844,140.51150512695312,2967700
2019-03-18,170.5800018310547,171.3699951171875,169.50999450683594,169.88999938964844,140.30502319335938,1834000
2019-03-19,169.94000244140625,170.8300018310547,168.0,168.72999572753906,139.34707641601562,1816400
2019-03-20,168.38999938964844,168.60000610351562,164.5800018310547,164.7899932861328,136.09317016601562,2300100
2019-03-21,164.4499969482422,165.5399932861328,163.02000427246094,164.3300018310547,135.71328735351562,1839500
2019-03-22,162.14999389648438,164.44000244140625,161.39999389648438,163.32000732421875,134.879150390625,2894900
2019-03-25,163.0800018310547,164.8000030517578,162.9199981689453,164.1699981689453,135.5811309814453,1532500
2019-03-26,164.94000244140625,165.5800018310547,163.69000244140625,164.14999389648438,135.56463623046875,1850400
2019-03-27,163.72999572753906,164.0,162.0,162.5800018310547,134.26800537109375,1335300
2019-03-28,162.72000122070312,163.0500030517578,161.0500030517578,162.75999450683594,134.4167022705078,1557600
2019-03-29,163.7899932861328,164.91000366210938,162.91000366210938,164.5800018310547,135.91970825195312,1485200
2019-04-01,165.66000366210938,166.7899932861328,164.75,166.5500030517578,137.54669189453125,1346700
2019-04-02,166.9600067138672,168.47999572753906,166.10000610351562,168.07000732421875,138.80201721191406,1473700
2019-04-03,168.27000427246094,170.61000061035156,167.82000732421875,168.44000244140625,139.1075897216797,1767300
2019-04-04,167.80999755859375,169.58999633789062,167.80999755859375,169.36000061035156,139.8673553466797,1270600
2019-04-05,169.6999969482422,170.60000610351562,168.99000549316406,170.08999633789062,140.47021484375,1668100
2019-04-08,170.02999877929688,172.55999755859375,169.35000610351562,172.38999938964844,142.36972045898438,1630300
2019-04-09,171.47999572753906,172.47999572753906,169.39999389648438,170.75999450683594,141.02354431152344,1639600
2019-04-10,170.75999450683594,171.14999389648438,169.3699951171875,170.05999755859375,140.44544982910156,1596900
2019-04-11,170.77000427246094,171.5,170.0500030517578,170.5399932861328,140.84185791015625,1081900
2019-04-12,172.14999389648438,173.60000610351562,171.86000061035156,172.9199981689453,142.8074493408203,1528200
2019-04-15,172.94000244140625,174.44000244140625,172.55999755859375,173.39999389648438,143.2037811279297,1149200
2019-04-16,174.2899932861328,174.6199951171875,173.08999633789062,173.9199981689453,143.63328552246094,1281800
2019-04-17,173.9199981689453,177.13999938964844,173.9199981689453,176.9199981689453,146.11085510253906,2247400
2019-04-18,177.72999572753906,179.13999938964844,175.92999267578125,176.36000061035156,145.6483612060547,2021800
2019-04-22,175.41000366210938,176.0,174.36000061035156,174.77999877929688,144.34349060058594,1498400
2019-04-23,174.8000030517578,175.4499969482422,173.55999755859375,174.7899932861328,144.35171508789062,1403500
2019-04-24,174.35000610351562,176.25999450683594,174.25,176.2100067138672,145.5244598388672,1537500
2019-04-25,175.50999450683594,178.22999572753906,175.17999267578125,178.00999450683594,147.01104736328125,1210100
2019-04-26,177.74000549316406,179.97999572753906,177.74000549316406,179.00999450683594,147.83688354492188,1658400
2019-04-29,178.61000061035156,179.57000732421875,176.60000610351562,177.52999877929688,146.61460876464844,2537100
2019-04-30,177.8300018310547,178.97999572753906,177.08999633789062,178.89999389648438,147.7460479736328,1828400
2019-05-01,174.7100067138672,176.3300018310547,171.5,175.3000030517578,144.77293395996094,2580900
2019-05-02,174.9199981689453,174.9199981689453,172.55999755859375,172.8000030517578,142.70834350585938,2503900
2019-05-03,172.97000122070312,174.3000030517578,172.30999755859375,173.91000366210938,143.625,1872700
2019-05-06,171.00999450683594,178.4499969482422,171.00999450683594,178.14999389648438,147.12667846679688,1617900
2019-05-07,177.10000610351562,180.9600067138672,177.10000610351562,178.11000061035156,147.0935821533203,2517800
2019-05-08,178.47000122070312,179.80999755859375,177.17999267578125,178.22000122070312,147.1844482421875,1549300
2019-05-09,176.77999877929688,181.1300048828125,176.52999877929688,180.00999450683594,148.6627197265625,1563600
2019-05-10,179.89999389648438,183.02999877929688,179.38999938964844,182.94000244140625,151.08253479003906,1533000
2019-05-13,181.0,183.6300048828125,180.8000030517578,182.3000030517578,150.553955078125,1720500
2019-05-14,182.47999572753906,184.8699951171875,182.11000061035156,183.2899932861328,151.37158203125,1621900
2019-05-15,181.89999389648438,183.7100067138672,181.25999450683594,181.8300018310547,150.16578674316406,995600
2019-05-16,182.63999938964844,183.66000366210938,181.52999877929688,182.7899932861328,150.95860290527344,1061200
2019-05-17,182.19000244140625,184.74000549316406,182.19000244140625,183.85000610351562,151.83407592773438,1223700
2019-05-20,183.92999267578125,186.19000244140625,183.8800048828125,185.63999938964844,153.31234741210938,1250500
2019-05-21,186.3800048828125,187.7899932861328,185.8800048828125,186.57000732421875,154.0803680419922,1121400
2019-05-22,186.22999572753906,187.1300048828125,185.0399932861328,185.82000732421875,153.4609832763672,773700
2019-05-23,185.0,187.49000549316406,184.9199981689453,186.8000030517578,154.2703399658203,1189700
2019-05-24,187.6699981689453,188.25999450683594,185.5500030517578,187.9199981689453,155.1953125,800700
2019-05-28,187.4600067138672,190.94000244140625,186.97999572753906,187.25999450683594,154.65020751953125,2557700
2019-05-29,187.32000732421875,190.77999877929688,187.32000732421875,190.52000427246094,157.342529296875,2018000
2019-05-30,190.69000244140625,193.27000427246094,190.47000122070312,192.36000061035156,158.8621063232422,1183500
2019-05-31,190.05999755859375,192.7100067138672,190.05999755859375,192.1199951171875,158.6638641357422,1782500
2019-06-03,192.4499969482422,193.22000122070312,190.97000122070312,193.0,159.39064025878906,1745800
2019-06-04,194.38999938964844,195.67999267578125,192.5,194.9600067138672,161.0093231201172,1344800
2019-06-05,195.11000061035156,200.0,195.02000427246094,199.8800048828125,165.07254028320312,1630200
2019-06-06,199.94000244140625,201.42999267578125,197.0399932861328,200.88999938964844,165.9066925048828,1296300
2019-06-07,199.7100067138672,202.97999572753906,199.7100067138672,202.11000061035156,167.53970336914062,1104500
2019-06-10,203.25999450683594,204.55999755859375,202.69000244140625,203.17999267578125,168.42666625976562,1294700
2019-06-11,203.5800018310547,204.3000030517578,197.5,198.75,164.75439453125,2506100
2019-06-12,198.44000244140625,200.27000427246094,197.80999755859375,198.8800048828125,164.86219787597656,1161900
2019-06-13,198.77000427246094,198.8800048828125,194.5,196.74000549316406,163.08819580078125,1609000
2019-06-14,197.35000610351562,197.80999755859375,195.66000366210938,197.10000610351562,163.38665771484375,1147600
2019-06-17,197.07000732421875,198.08999633789062,194.41000366210938,194.77000427246094,161.45518493652344,1174700
2019-06-18,194.9600067138672,196.83999633789062,194.7899932861328,195.82000732421875,162.32559204101562,1364700
2019-06-19,195.80999755859375,197.72999572753906,195.3000030517578,197.32000732421875,163.5690460205078,1071300
2019-06-20,198.8300018310547,199.97999572753906,196.5500030517578,198.82000732421875,164.81246948242188,1163700
2019-06-21,197.8699951171875,200.94000244140625,197.22000122070312,197.4600067138672,163.68504333496094,2699900
2019-06-24,197.99000549316406,199.16000366210938,197.47999572753906,198.4199981689453,164.48086547851562,1200800
2019-06-25,198.91000366210938,199.11000061035156,197.36000061035156,198.32000732421875,164.39797973632812,1174200
2019-06-26,198.3699951171875,198.3699951171875,191.9600067138672,192.02999877929688,159.18382263183594,1488000
2019-06-27,192.63999938964844,195.38999938964844,192.52999877929688,193.89999389648438,160.7340087890625,1252000
2019-06-28,194.74000549316406,194.99000549316406,193.0500030517578,194.11000061035156,160.9080810546875,2138900
2019-07-01,195.47000122070312,196.99000549316406,193.3800048828125,196.58999633789062,162.9638671875,1403500
2019-07-02,196.3000030517578,200.36000061035156,195.36000061035156,199.77000427246094,165.59999084472656,1031500
2019-07-03,200.0,201.6999969482422,199.1999969482422,201.6699981689453,167.17495727539062,865100
2019-07-05,201.8300018310547,203.35000610351562,200.58999633789062,202.80999755859375,168.1199951171875,884600
2019-07-08,202.50999450683594,203.52999877929688,201.22000122070312,201.99000549316406,167.4402313232422,718200
2019-07-09,201.3000030517578,202.1199951171875,200.47000122070312,201.99000549316406,167.4402313232422,971000
2019-07-10,202.16000366210938,204.36000061035156,201.9199981689453,203.1699981689453,168.41842651367188,1099100
2019-07-11,203.6699981689453,206.47999572753906,202.5,206.41000366210938,171.1042022705078,1168800
2019-07-12,207.00999450683594,207.83999633789062,205.1300048828125,207.47000122070312,171.98287963867188,1425700
2019-07-15,207.50999450683594,207.50999450683594,205.02999877929688,206.02000427246094,170.78089904785156,1221900
2019-07-16,206.6699981689453,207.17999267578125,203.3000030517578,203.47999572753906,168.6753387451172,1214000
2019-07-17,203.4499969482422,205.0,203.41000366210938,204.08999633789062,169.18099975585938,972700
2019-07-18,203.86000061035156,206.55999755859375,203.38999938964844,206.25999450683594,170.97984313964844,811300
2019-07-19,206.47000122070312,207.39999389648438,204.75999450683594,204.85000610351562,169.81105041503906,823700
2019-07-22,205.6199951171875,206.72000122070312,204.00999450683594,206.13999938964844,170.88040161132812,962200
2019-07-23,204.7899932861328,205.77999877929688,203.92999267578125,205.35000610351562,170.22549438476562,1007300
2019-07-24,206.02000427246094,206.64999389648438,198.2100067138672,201.63999938964844,167.1501007080078,1764800
2019-07-25,201.8800048828125,203.64999389648438,201.27000427246094,201.66000366210938,167.16665649414062,838900
2019-07-26,201.44000244140625,202.1699981689453,200.33999633789062,201.07000732421875,166.6776123046875,1189900
2019-07-29,201.5500030517578,202.14999389648438,198.9199981689453,199.63999938964844,165.4921875,1295600
2019-07-30,199.02999877929688,200.6300048828125,196.82000732421875,197.30999755859375,163.5607147216797,1181400
2019-07-31,194.66000366210938,195.97999572753906,193.08999633789062,194.4199981689453,161.1650390625,2187500
2019-08-01,194.0500030517578,201.9199981689453,193.64999389648438,200.60000610351562,166.28797912597656,2524700
2019-08-02,201.17999267578125,206.3699951171875,199.5800018310547,205.16000366210938,170.06797790527344,1788300
2019-08-05,203.2899932861328,205.41000366210938,199.1999969482422,201.8800048828125,167.34902954101562,1767800
2019-08-06,202.3800048828125,209.14999389648438,202.1300048828125,208.3800048828125,172.7372589111328,1431800
2019-08-07,206.74000549316406,210.1699981689453,204.8000030517578,208.88999938964844,173.16001892089844,1869800
2019-08-08,209.72999572753906,211.24000549316406,207.07000732421875,211.10000610351562,174.9920196533203,1050000
2019-08-09,212.3800048828125,216.72999572753906,211.67999267578125,215.72000122070312,178.82176208496094,1051900
2019-08-12,213.1999969482422,216.6999969482422,211.7899932861328,212.25,175.94532775878906,1122600
2019-08-13,212.39999389648438,214.77999877929688,208.6999969482422,213.3000030517578,176.815673828125,986300
2019-08-14,211.08999633789062,213.22000122070312,208.24000549316406,208.33999633789062,172.7040557861328,1455300
2019-08-15,210.77000427246094,213.2899932861328,209.02000427246094,212.7100067138672,176.3266143798828,1293200
2019-08-16,214.33999633789062,214.33999633789062,211.92999267578125,213.5800018310547,177.0478057861328,1168700
2019-08-19,215.0,217.24000549316406,213.92999267578125,216.6999969482422,179.63409423828125,754400
2019-08-20,216.74000549316406,217.64999389648438,213.61000061035156,213.85000610351562,177.2716064453125,871800
2019-08-21,215.07000732421875,215.1999969482422,211.99000549316406,213.49000549316406,176.97317504882812,1089500
2019-08-22,214.52000427246094,214.7899932861328,213.13999938964844,213.24000549316406,176.76597595214844,755400
2019-08-23,212.52999877929688,213.75,210.39999389648438,211.22000122070312,175.0914764404297,1547500
2019-08-26,211.82000732421875,214.80999755859375,211.82000732421875,214.63999938964844,177.9264678955078,798600
2019-08-27,215.44000244140625,217.50999450683594,214.80999755859375,216.22000122070312,179.2362518310547,993500
2019-08-28,216.57000732421875,217.22000122070312,214.30999755859375,215.75999450683594,178.85488891601562,817900
2019-08-29,216.8300018310547,216.8699951171875,213.08999633789062,215.69000244140625,178.79690551757812,667200
2019-08-30,215.91000366210938,217.74000549316406,214.6699981689453,217.2899932861328,180.1232147216797,947300
2019-09-03,216.07000732421875,218.10000610351562,215.6699981689453,217.75999450683594,180.5128173828125,1045300
2019-09-04,217.6199951171875,221.75999450683594,217.5399932861328,221.05999755859375,183.24838256835938,1131700
2019-09-05,224.02999877929688,224.86000061035156,220.5500030517578,221.17999267578125,183.34780883789062,1185100
2019-09-06,221.52000427246094,224.91000366210938,221.32000732421875,223.07000732421875,184.91458129882812,1093900
2019-09-09,223.99000549316406,224.0,214.85000610351562,215.5800018310547,179.30857849121094,1343200
2019-09-10,215.3800048828125,216.64999389648438,204.50999450683594,205.42999267578125,170.86631774902344,2569700
2019-09-11,206.0,206.6999969482422,201.94000244140625,202.5800018310547,168.49581909179688,2564200
2019-09-12,201.97999572753906,205.77000427246094,201.77999877929688,205.3800048828125,170.82473754882812,1764800
2019-09-13,206.1300048828125,206.5399932861328,202.5399932861328,205.8000030517578,171.17408752441406,1122600
2019-09-16,205.57000732421875,209.19000244140625,205.1300048828125,207.0,172.1721649169922,1244700
2019-09-17,207.02000427246094,214.86000061035156,205.6300048828125,214.72999572753906,178.6016082763672,2497000
2019-09-18,215.10000610351562,216.47000122070312,212.99000549316406,216.1699981689453,179.79931640625,1166000
2019-09-19,214.05999755859375,216.14999389648438,210.94000244140625,211.9499969482422,176.289306640625,1362700
2019-09-20,212.88999938964844,212.88999938964844,209.77999877929688,211.14999389648438,175.62391662597656,2050100
2019-09-23,209.77000427246094,213.0,209.5800018310547,212.27999877929688,176.5637969970703,835200
2019-09-24,213.05999755859375,216.6699981689453,211.99000549316406,212.91000366210938,177.0878143310547,1125800
2019-09-25,213.4199981689453,214.05999755859375,211.17999267578125,213.27999877929688,177.39553833007812,1119500
2019-09-26,214.82000732421875,216.69000244140625,214.22000122070312,215.99000549316406,179.64959716796875,1248300
2019-09-27,217.17999267578125,217.8800048828125,213.22000122070312,213.88999938964844,177.9028778076172,1030800
2019-09-30,214.8000030517578,214.8300018310547,210.58999633789062,211.33999633789062,175.7819366455078,1119700
2019-10-01,211.33999633789062,211.8800048828125,208.32000732421875,210.72000122070312,175.2662811279297,1106400
2019-10-02,210.0500030517578,211.80999755859375,206.8800048828125,207.83999633789062,172.87078857421875,1260600
2019-10-03,208.4199981689453,210.97000122070312,207.6999969482422,209.42999267578125,174.1933135986328,1007600
2019-10-04,210.25,216.19000244140625,209.9600067138672,216.02000427246094,179.674560546875,1036900
2019-10-07,214.57000732421875,215.60000610351562,212.67999267578125,213.3300018310547,177.43716430664062,916900
2019-10-08,212.50999450683594,213.80999755859375,211.25999450683594,212.13999938964844,176.44737243652344,1264500
2019-10-09,214.25,215.4199981689453,212.52000427246094,215.1300048828125,178.93429565429688,768700
2019-10-10,214.22000122070312,217.24000549316406,214.02000427246094,215.88999938964844,179.5664520263672,673100
2019-10-11,217.7899932861328,217.7899932861328,211.75,212.8300018310547,177.02127075195312,1193900
2019-10-14,213.42999267578125,214.88999938964844,212.00999450683594,212.35000610351562,176.62203979492188,774000
2019-10-15,213.1300048828125,214.0,211.39999389648438,212.57000732421875,176.80496215820312,721700
2019-10-16,211.25,212.05999755859375,208.6699981689453,212.00999450683594,176.33917236328125,1166600
2019-10-17,211.9499969482422,213.22000122070312,210.3000030517578,213.00999450683594,177.1709747314453,1420900
2019-10-18,213.5800018310547,214.1199951171875,211.61000061035156,213.1699981689453,177.30406188964844,1245100
2019-10-21,212.2100067138672,212.94000244140625,205.7899932861328,206.07000732421875,171.39865112304688,1274400
2019-10-22,206.22999572753906,207.47000122070312,201.5,202.02000427246094,168.03005981445312,1584800
2019-10-23,201.89999389648438,204.1199951171875,200.1199951171875,202.22999572753906,168.20469665527344,1043100
2019-10-24,202.9199981689453,204.4199981689453,201.44000244140625,203.25,169.05308532714844,1197400
2019-10-25,203.52000427246094,204.39999389648438,200.39999389648438,200.4600067138672,166.73252868652344,1396400
2019-10-28,201.6300048828125,201.72000122070312,196.9499969482422,200.66000366210938,166.8988800048828,2563000
2019-10-29,200.99000549316406,203.5399932861328,199.9499969482422,201.0,167.18167114257812,2497500
2019-10-30,203.88999938964844,207.4199981689453,202.11000061035156,204.97000122070312,170.4837188720703,1595000
2019-10-31,204.1999969482422,209.35000610351562,203.9499969482422,205.75,171.13250732421875,1541000
2019-11-01,206.91000366210938,207.7899932861328,200.52999877929688,201.50999450683594,167.60581970214844,1358300
2019-11-04,201.75,202.3699951171875,196.7100067138672,197.02000427246094,163.87127685546875,1377800
2019-11-05,197.02000427246094,197.97000122070312,195.7899932861328,196.9499969482422,163.81307983398438,1178800
2019-11-06,196.80999755859375,198.86000061035156,196.50999450683594,198.58999633789062,165.17713928222656,976800
2019-11-07,199.02000427246094,199.08999633789062,196.74000549316406,199.0,165.51815795898438,1023400
2019-11-08,198.94000244140625,200.5,197.5399932861328,198.1699981689453,164.8278045654297,1172300
2019-11-11,197.49000549316406,199.75,197.19000244140625,198.64999389648438,165.22703552246094,773000
2019-11-12,198.97000122070312,201.83999633789062,198.22000122070312,201.49000549316406,167.5892333984375,1009300
2019-11-13,202.60000610351562,205.9600067138672,202.39999389648438,204.6199951171875,170.19259643554688,1076600
2019-11-14,204.44000244140625,206.33999633789062,203.36000061035156,206.0500030517578,171.38198852539062,1059600
2019-11-15,206.77999877929688,206.77999877929688,203.9199981689453,204.1999969482422,169.84323120117188,1182700
2019-11-18,204.85000610351562,205.60000610351562,203.05999755859375,205.3300018310547,170.7831268310547,1070300
2019-11-19,204.2899932861328,206.72000122070312,204.11000061035156,206.17999267578125,171.49012756347656,832900
2019-11-20,206.38999938964844,208.77000427246094,205.1300048828125,206.63999938964844,171.87271118164062,1187300
2019-11-21,207.3800048828125,208.0,205.16000366210938,205.49000549316406,170.91622924804688,955400
2019-11-22,205.36000061035156,207.16000366210938,204.86000061035156,206.89999389648438,172.08901977539062,851100
2019-11-25,207.5,208.77999877929688,205.5500030517578,206.8000030517578,172.0057830810547,967200
2019-11-26,206.9600067138672,207.5,204.3699951171875,205.8699951171875,171.2322998046875,2469800
2019-11-27,205.83999633789062,205.89999389648438,200.55999755859375,200.97999572753906,167.1649932861328,1722300
2019-11-29,200.0,203.52000427246094,199.50999450683594,202.72999572753906,168.62059020996094,1155100
2019-12-02,202.8000030517578,205.39999389648438,202.02000427246094,203.32000732421875,169.11131286621094,1404200
2019-12-03,203.39999389648438,206.67999267578125,202.5800018310547,204.1199951171875,169.7767333984375,1250700
2019-12-04,202.67999267578125,205.39999389648438,202.67999267578125,204.77999877929688,170.32566833496094,1042100
2019-12-05,204.86000061035156,207.69000244140625,204.36000061035156,207.42999267578125,172.52978515625,1201900
2019-12-06,206.97999572753906,207.9600067138672,205.1199951171875,205.9600067138672,171.3071746826172,1629200
2019-12-09,205.30999755859375,205.5500030517578,204.1199951171875,204.99000549316406,171.1234893798828,994400
2019-12-10,205.14999389648438,206.60000610351562,204.08999633789062,205.10000610351562,171.21534729003906,1168700
2019-12-11,205.38999938964844,206.0500030517578,204.4199981689453,204.7100067138672,170.88975524902344,1189700
2019-12-12,204.19000244140625,205.60000610351562,201.97999572753906,203.13999938964844,169.57913208007812,1651200
2019-12-13,203.10000610351562,205.33999633789062,201.6699981689453,204.58999633789062,170.78955078125,900400
2019-12-16,204.58999633789062,206.52000427246094,202.6300048828125,203.17999267578125,169.61248779296875,1544500
2019-12-17,203.80999755859375,205.0800018310547,202.25,203.57000732421875,169.93812561035156,1245000
2019-12-18,203.97000122070312,204.17999267578125,199.5399932861328,200.49000549316406,167.366943359375,1191100
2019-12-19,200.8800048828125,204.7899932861328,200.49000549316406,204.72000122070312,170.89805603027344,1229300
2019-12-20,205.0,206.64999389648438,202.42999267578125,202.52000427246094,169.06155395507812,3423900
2019-12-23,203.8800048828125,204.4600067138672,202.25999450683594,203.27999877929688,169.6959686279297,1368900
2019-12-24,202.50999450683594,203.74000549316406,201.50999450683594,203.36000061035156,169.76280212402344,750000
2019-12-26,201.0,202.36000061035156,200.35000610351562,201.35000610351562,170.17689514160156,970700
2019-12-27,201.27999877929688,203.02999877929688,200.32000732421875,202.77999877929688,171.38552856445312,1001100
2019-12-30,202.7899932861328,203.52999877929688,198.75999450683594,199.17999267578125,168.34286499023438,1012400
